target_index,t-100,t-99,t-98,t-97,t-96,t-95,t-94,t-93,t-92,t-91,t-90,t-89,t-88,t-87,t-86,t-85,t-84,t-83,t-82,t-81,t-80,t-79,t-78,t-77,t-76,t-75,t-74,t-73,t-72,t-71,t-70,t-69,t-68,t-67,t-66,t-65,t-64,t-63,t-62,t-61,t-60,t-59,t-58,t-57,t-56,t-55,t-54,t-53,t-52,t-51,t-50,t-49,t-48,t-47,t-46,t-45,t-44,t-43,t-42,t-41,t-40,t-39,t-38,t-37,t-36,t-35,t-34,t-33,t-32,t-31,t-30,t-29,t-28,t-27,t-26,t-25,t-24,t-23,t-22,t-21,t-20,t-19,t-18,t-17,t-16,t-15,t-14,t-13,t-12,t-11,t-10,t-9,t-8,t-7,t-6,t-5,t-4,t-3,t-2,t-1,target
100,1210,1200,1200,1200,1190,1190,1200,1200,1220,1220,1210,1190,1180,1180,1170,1170,1160,1160,1160,1200,1210,1170,1170,1160,1180,1180,1180,1180,1190,1180,1190,1180,1180,1210,1230,1280,1330,1350,1390,1410,1420,1430,1440,1470,1500,1570,1680,1710,1760,1800,1850,1970,2080,2100,2120,2150,2130,2110,2120,2120,2160,2110,2180,2210,2210,2220,2270,2320,2370,2350,2350,2350,2320,2240,2260,2290,2330,2340,2430,2490,2430,2440,2490,2600,2720,2710,2730,2850,2880,2870,2860,2780,2680,2490,2300,2080,1960,1810,1770,1700,1660
101,1200,1200,1200,1190,1190,1200,1200,1220,1220,1210,1190,1180,1180,1170,1170,1160,1160,1160,1200,1210,1170,1170,1160,1180,1180,1180,1180,1190,1180,1190,1180,1180,1210,1230,1280,1330,1350,1390,1410,1420,1430,1440,1470,1500,1570,1680,1710,1760,1800,1850,1970,2080,2100,2120,2150,2130,2110,2120,2120,2160,2110,2180,2210,2210,2220,2270,2320,2370,2350,2350,2350,2320,2240,2260,2290,2330,2340,2430,2490,2430,2440,2490,2600,2720,2710,2730,2850,2880,2870,2860,2780,2680,2490,2300,2080,1960,1810,1770,1700,1660,1610
102,1200,1200,1190,1190,1200,1200,1220,1220,1210,1190,1180,1180,1170,1170,1160,1160,1160,1200,1210,1170,1170,1160,1180,1180,1180,1180,1190,1180,1190,1180,1180,1210,1230,1280,1330,1350,1390,1410,1420,1430,1440,1470,1500,1570,1680,1710,1760,1800,1850,1970,2080,2100,2120,2150,2130,2110,2120,2120,2160,2110,2180,2210,2210,2220,2270,2320,2370,2350,2350,2350,2320,2240,2260,2290,2330,2340,2430,2490,2430,2440,2490,2600,2720,2710,2730,2850,2880,2870,2860,2780,2680,2490,2300,2080,1960,1810,1770,1700,1660,1610,1610
103,1200,1190,1190,1200,1200,1220,1220,1210,1190,1180,1180,1170,1170,1160,1160,1160,1200,1210,1170,1170,1160,1180,1180,1180,1180,1190,1180,1190,1180,1180,1210,1230,1280,1330,1350,1390,1410,1420,1430,1440,1470,1500,1570,1680,1710,1760,1800,1850,1970,2080,2100,2120,2150,2130,2110,2120,2120,2160,2110,2180,2210,2210,2220,2270,2320,2370,2350,2350,2350,2320,2240,2260,2290,2330,2340,2430,2490,2430,2440,2490,2600,2720,2710,2730,2850,2880,2870,2860,2780,2680,2490,2300,2080,1960,1810,1770,1700,1660,1610,1610,1610
104,1190,1190,1200,1200,1220,1220,1210,1190,1180,1180,1170,1170,1160,1160,1160,1200,1210,1170,1170,1160,1180,1180,1180,1180,1190,1180,1190,1180,1180,1210,1230,1280,1330,1350,1390,1410,1420,1430,1440,1470,1500,1570,1680,1710,1760,1800,1850,1970,2080,2100,2120,2150,2130,2110,2120,2120,2160,2110,2180,2210,2210,2220,2270,2320,2370,2350,2350,2350,2320,2240,2260,2290,2330,2340,2430,2490,2430,2440,2490,2600,2720,2710,2730,2850,2880,2870,2860,2780,2680,2490,2300,2080,1960,1810,1770,1700,1660,1610,1610,1610,1610
105,1190,1200,1200,1220,1220,1210,1190,1180,1180,1170,1170,1160,1160,1160,1200,1210,1170,1170,1160,1180,1180,1180,1180,1190,1180,1190,1180,1180,1210,1230,1280,1330,1350,1390,1410,1420,1430,1440,1470,1500,1570,1680,1710,1760,1800,1850,1970,2080,2100,2120,2150,2130,2110,2120,2120,2160,2110,2180,2210,2210,2220,2270,2320,2370,2350,2350,2350,2320,2240,2260,2290,2330,2340,2430,2490,2430,2440,2490,2600,2720,2710,2730,2850,2880,2870,2860,2780,2680,2490,2300,2080,1960,1810,1770,1700,1660,1610,1610,1610,1610,1620
106,1200,1200,1220,1220,1210,1190,1180,1180,1170,1170,1160,1160,1160,1200,1210,1170,1170,1160,1180,1180,1180,1180,1190,1180,1190,1180,1180,1210,1230,1280,1330,1350,1390,1410,1420,1430,1440,1470,1500,1570,1680,1710,1760,1800,1850,1970,2080,2100,2120,2150,2130,2110,2120,2120,2160,2110,2180,2210,2210,2220,2270,2320,2370,2350,2350,2350,2320,2240,2260,2290,2330,2340,2430,2490,2430,2440,2490,2600,2720,2710,2730,2850,2880,2870,2860,2780,2680,2490,2300,2080,1960,1810,1770,1700,1660,1610,1610,1610,1610,1620,1620
107,1200,1220,1220,1210,1190,1180,1180,1170,1170,1160,1160,1160,1200,1210,1170,1170,1160,1180,1180,1180,1180,1190,1180,1190,1180,1180,1210,1230,1280,1330,1350,1390,1410,1420,1430,1440,1470,1500,1570,1680,1710,1760,1800,1850,1970,2080,2100,2120,2150,2130,2110,2120,2120,2160,2110,2180,2210,2210,2220,2270,2320,2370,2350,2350,2350,2320,2240,2260,2290,2330,2340,2430,2490,2430,2440,2490,2600,2720,2710,2730,2850,2880,2870,2860,2780,2680,2490,2300,2080,1960,1810,1770,1700,1660,1610,1610,1610,1610,1620,1620,1600
108,1220,1220,1210,1190,1180,1180,1170,1170,1160,1160,1160,1200,1210,1170,1170,1160,1180,1180,1180,1180,1190,1180,1190,1180,1180,1210,1230,1280,1330,1350,1390,1410,1420,1430,1440,1470,1500,1570,1680,1710,1760,1800,1850,1970,2080,2100,2120,2150,2130,2110,2120,2120,2160,2110,2180,2210,2210,2220,2270,2320,2370,2350,2350,2350,2320,2240,2260,2290,2330,2340,2430,2490,2430,2440,2490,2600,2720,2710,2730,2850,2880,2870,2860,2780,2680,2490,2300,2080,1960,1810,1770,1700,1660,1610,1610,1610,1610,1620,1620,1600,1570
109,1220,1210,1190,1180,1180,1170,1170,1160,1160,1160,1200,1210,1170,1170,1160,1180,1180,1180,1180,1190,1180,1190,1180,1180,1210,1230,1280,1330,1350,1390,1410,1420,1430,1440,1470,1500,1570,1680,1710,1760,1800,1850,1970,2080,2100,2120,2150,2130,2110,2120,2120,2160,2110,2180,2210,2210,2220,2270,2320,2370,2350,2350,2350,2320,2240,2260,2290,2330,2340,2430,2490,2430,2440,2490,2600,2720,2710,2730,2850,2880,2870,2860,2780,2680,2490,2300,2080,1960,1810,1770,1700,1660,1610,1610,1610,1610,1620,1620,1600,1570,1600
110,1210,1190,1180,1180,1170,1170,1160,1160,1160,1200,1210,1170,1170,1160,1180,1180,1180,1180,1190,1180,1190,1180,1180,1210,1230,1280,1330,1350,1390,1410,1420,1430,1440,1470,1500,1570,1680,1710,1760,1800,1850,1970,2080,2100,2120,2150,2130,2110,2120,2120,2160,2110,2180,2210,2210,2220,2270,2320,2370,2350,2350,2350,2320,2240,2260,2290,2330,2340,2430,2490,2430,2440,2490,2600,2720,2710,2730,2850,2880,2870,2860,2780,2680,2490,2300,2080,1960,1810,1770,1700,1660,1610,1610,1610,1610,1620,1620,1600,1570,1600,1600
111,1190,1180,1180,1170,1170,1160,1160,1160,1200,1210,1170,1170,1160,1180,1180,1180,1180,1190,1180,1190,1180,1180,1210,1230,1280,1330,1350,1390,1410,1420,1430,1440,1470,1500,1570,1680,1710,1760,1800,1850,1970,2080,2100,2120,2150,2130,2110,2120,2120,2160,2110,2180,2210,2210,2220,2270,2320,2370,2350,2350,2350,2320,2240,2260,2290,2330,2340,2430,2490,2430,2440,2490,2600,2720,2710,2730,2850,2880,2870,2860,2780,2680,2490,2300,2080,1960,1810,1770,1700,1660,1610,1610,1610,1610,1620,1620,1600,1570,1600,1600,1610
112,1180,1180,1170,1170,1160,1160,1160,1200,1210,1170,1170,1160,1180,1180,1180,1180,1190,1180,1190,1180,1180,1210,1230,1280,1330,1350,1390,1410,1420,1430,1440,1470,1500,1570,1680,1710,1760,1800,1850,1970,2080,2100,2120,2150,2130,2110,2120,2120,2160,2110,2180,2210,2210,2220,2270,2320,2370,2350,2350,2350,2320,2240,2260,2290,2330,2340,2430,2490,2430,2440,2490,2600,2720,2710,2730,2850,2880,2870,2860,2780,2680,2490,2300,2080,1960,1810,1770,1700,1660,1610,1610,1610,1610,1620,1620,1600,1570,1600,1600,1610,1660
113,1180,1170,1170,1160,1160,1160,1200,1210,1170,1170,1160,1180,1180,1180,1180,1190,1180,1190,1180,1180,1210,1230,1280,1330,1350,1390,1410,1420,1430,1440,1470,1500,1570,1680,1710,1760,1800,1850,1970,2080,2100,2120,2150,2130,2110,2120,2120,2160,2110,2180,2210,2210,2220,2270,2320,2370,2350,2350,2350,2320,2240,2260,2290,2330,2340,2430,2490,2430,2440,2490,2600,2720,2710,2730,2850,2880,2870,2860,2780,2680,2490,2300,2080,1960,1810,1770,1700,1660,1610,1610,1610,1610,1620,1620,1600,1570,1600,1600,1610,1660,1660
114,1170,1170,1160,1160,1160,1200,1210,1170,1170,1160,1180,1180,1180,1180,1190,1180,1190,1180,1180,1210,1230,1280,1330,1350,1390,1410,1420,1430,1440,1470,1500,1570,1680,1710,1760,1800,1850,1970,2080,2100,2120,2150,2130,2110,2120,2120,2160,2110,2180,2210,2210,2220,2270,2320,2370,2350,2350,2350,2320,2240,2260,2290,2330,2340,2430,2490,2430,2440,2490,2600,2720,2710,2730,2850,2880,2870,2860,2780,2680,2490,2300,2080,1960,1810,1770,1700,1660,1610,1610,1610,1610,1620,1620,1600,1570,1600,1600,1610,1660,1660,1710
115,1170,1160,1160,1160,1200,1210,1170,1170,1160,1180,1180,1180,1180,1190,1180,1190,1180,1180,1210,1230,1280,1330,1350,1390,1410,1420,1430,1440,1470,1500,1570,1680,1710,1760,1800,1850,1970,2080,2100,2120,2150,2130,2110,2120,2120,2160,2110,2180,2210,2210,2220,2270,2320,2370,2350,2350,2350,2320,2240,2260,2290,2330,2340,2430,2490,2430,2440,2490,2600,2720,2710,2730,2850,2880,2870,2860,2780,2680,2490,2300,2080,1960,1810,1770,1700,1660,1610,1610,1610,1610,1620,1620,1600,1570,1600,1600,1610,1660,1660,1710,1700
116,1160,1160,1160,1200,1210,1170,1170,1160,1180,1180,1180,1180,1190,1180,1190,1180,1180,1210,1230,1280,1330,1350,1390,1410,1420,1430,1440,1470,1500,1570,1680,1710,1760,1800,1850,1970,2080,2100,2120,2150,2130,2110,2120,2120,2160,2110,2180,2210,2210,2220,2270,2320,2370,2350,2350,2350,2320,2240,2260,2290,2330,2340,2430,2490,2430,2440,2490,2600,2720,2710,2730,2850,2880,2870,2860,2780,2680,2490,2300,2080,1960,1810,1770,1700,1660,1610,1610,1610,1610,1620,1620,1600,1570,1600,1600,1610,1660,1660,1710,1700,1710
117,1160,1160,1200,1210,1170,1170,1160,1180,1180,1180,1180,1190,1180,1190,1180,1180,1210,1230,1280,1330,1350,1390,1410,1420,1430,1440,1470,1500,1570,1680,1710,1760,1800,1850,1970,2080,2100,2120,2150,2130,2110,2120,2120,2160,2110,2180,2210,2210,2220,2270,2320,2370,2350,2350,2350,2320,2240,2260,2290,2330,2340,2430,2490,2430,2440,2490,2600,2720,2710,2730,2850,2880,2870,2860,2780,2680,2490,2300,2080,1960,1810,1770,1700,1660,1610,1610,1610,1610,1620,1620,1600,1570,1600,1600,1610,1660,1660,1710,1700,1710,1720
118,1160,1200,1210,1170,1170,1160,1180,1180,1180,1180,1190,1180,1190,1180,1180,1210,1230,1280,1330,1350,1390,1410,1420,1430,1440,1470,1500,1570,1680,1710,1760,1800,1850,1970,2080,2100,2120,2150,2130,2110,2120,2120,2160,2110,2180,2210,2210,2220,2270,2320,2370,2350,2350,2350,2320,2240,2260,2290,2330,2340,2430,2490,2430,2440,2490,2600,2720,2710,2730,2850,2880,2870,2860,2780,2680,2490,2300,2080,1960,1810,1770,1700,1660,1610,1610,1610,1610,1620,1620,1600,1570,1600,1600,1610,1660,1660,1710,1700,1710,1720,1730
119,1200,1210,1170,1170,1160,1180,1180,1180,1180,1190,1180,1190,1180,1180,1210,1230,1280,1330,1350,1390,1410,1420,1430,1440,1470,1500,1570,1680,1710,1760,1800,1850,1970,2080,2100,2120,2150,2130,2110,2120,2120,2160,2110,2180,2210,2210,2220,2270,2320,2370,2350,2350,2350,2320,2240,2260,2290,2330,2340,2430,2490,2430,2440,2490,2600,2720,2710,2730,2850,2880,2870,2860,2780,2680,2490,2300,2080,1960,1810,1770,1700,1660,1610,1610,1610,1610,1620,1620,1600,1570,1600,1600,1610,1660,1660,1710,1700,1710,1720,1730,1730
120,1210,1170,1170,1160,1180,1180,1180,1180,1190,1180,1190,1180,1180,1210,1230,1280,1330,1350,1390,1410,1420,1430,1440,1470,1500,1570,1680,1710,1760,1800,1850,1970,2080,2100,2120,2150,2130,2110,2120,2120,2160,2110,2180,2210,2210,2220,2270,2320,2370,2350,2350,2350,2320,2240,2260,2290,2330,2340,2430,2490,2430,2440,2490,2600,2720,2710,2730,2850,2880,2870,2860,2780,2680,2490,2300,2080,1960,1810,1770,1700,1660,1610,1610,1610,1610,1620,1620,1600,1570,1600,1600,1610,1660,1660,1710,1700,1710,1720,1730,1730,1760
121,1170,1170,1160,1180,1180,1180,1180,1190,1180,1190,1180,1180,1210,1230,1280,1330,1350,1390,1410,1420,1430,1440,1470,1500,1570,1680,1710,1760,1800,1850,1970,2080,2100,2120,2150,2130,2110,2120,2120,2160,2110,2180,2210,2210,2220,2270,2320,2370,2350,2350,2350,2320,2240,2260,2290,2330,2340,2430,2490,2430,2440,2490,2600,2720,2710,2730,2850,2880,2870,2860,2780,2680,2490,2300,2080,1960,1810,1770,1700,1660,1610,1610,1610,1610,1620,1620,1600,1570,1600,1600,1610,1660,1660,1710,1700,1710,1720,1730,1730,1760,1780
122,1170,1160,1180,1180,1180,1180,1190,1180,1190,1180,1180,1210,1230,1280,1330,1350,1390,1410,1420,1430,1440,1470,1500,1570,1680,1710,1760,1800,1850,1970,2080,2100,2120,2150,2130,2110,2120,2120,2160,2110,2180,2210,2210,2220,2270,2320,2370,2350,2350,2350,2320,2240,2260,2290,2330,2340,2430,2490,2430,2440,2490,2600,2720,2710,2730,2850,2880,2870,2860,2780,2680,2490,2300,2080,1960,1810,1770,1700,1660,1610,1610,1610,1610,1620,1620,1600,1570,1600,1600,1610,1660,1660,1710,1700,1710,1720,1730,1730,1760,1780,1800
123,1160,1180,1180,1180,1180,1190,1180,1190,1180,1180,1210,1230,1280,1330,1350,1390,1410,1420,1430,1440,1470,1500,1570,1680,1710,1760,1800,1850,1970,2080,2100,2120,2150,2130,2110,2120,2120,2160,2110,2180,2210,2210,2220,2270,2320,2370,2350,2350,2350,2320,2240,2260,2290,2330,2340,2430,2490,2430,2440,2490,2600,2720,2710,2730,2850,2880,2870,2860,2780,2680,2490,2300,2080,1960,1810,1770,1700,1660,1610,1610,1610,1610,1620,1620,1600,1570,1600,1600,1610,1660,1660,1710,1700,1710,1720,1730,1730,1760,1780,1800,1790
124,1180,1180,1180,1180,1190,1180,1190,1180,1180,1210,1230,1280,1330,1350,1390,1410,1420,1430,1440,1470,1500,1570,1680,1710,1760,1800,1850,1970,2080,2100,2120,2150,2130,2110,2120,2120,2160,2110,2180,2210,2210,2220,2270,2320,2370,2350,2350,2350,2320,2240,2260,2290,2330,2340,2430,2490,2430,2440,2490,2600,2720,2710,2730,2850,2880,2870,2860,2780,2680,2490,2300,2080,1960,1810,1770,1700,1660,1610,1610,1610,1610,1620,1620,1600,1570,1600,1600,1610,1660,1660,1710,1700,1710,1720,1730,1730,1760,1780,1800,1790,1750
125,1180,1180,1180,1190,1180,1190,1180,1180,1210,1230,1280,1330,1350,1390,1410,1420,1430,1440,1470,1500,1570,1680,1710,1760,1800,1850,1970,2080,2100,2120,2150,2130,2110,2120,2120,2160,2110,2180,2210,2210,2220,2270,2320,2370,2350,2350,2350,2320,2240,2260,2290,2330,2340,2430,2490,2430,2440,2490,2600,2720,2710,2730,2850,2880,2870,2860,2780,2680,2490,2300,2080,1960,1810,1770,1700,1660,1610,1610,1610,1610,1620,1620,1600,1570,1600,1600,1610,1660,1660,1710,1700,1710,1720,1730,1730,1760,1780,1800,1790,1750,1730
126,1180,1180,1190,1180,1190,1180,1180,1210,1230,1280,1330,1350,1390,1410,1420,1430,1440,1470,1500,1570,1680,1710,1760,1800,1850,1970,2080,2100,2120,2150,2130,2110,2120,2120,2160,2110,2180,2210,2210,2220,2270,2320,2370,2350,2350,2350,2320,2240,2260,2290,2330,2340,2430,2490,2430,2440,2490,2600,2720,2710,2730,2850,2880,2870,2860,2780,2680,2490,2300,2080,1960,1810,1770,1700,1660,1610,1610,1610,1610,1620,1620,1600,1570,1600,1600,1610,1660,1660,1710,1700,1710,1720,1730,1730,1760,1780,1800,1790,1750,1730,1700
127,1180,1190,1180,1190,1180,1180,1210,1230,1280,1330,1350,1390,1410,1420,1430,1440,1470,1500,1570,1680,1710,1760,1800,1850,1970,2080,2100,2120,2150,2130,2110,2120,2120,2160,2110,2180,2210,2210,2220,2270,2320,2370,2350,2350,2350,2320,2240,2260,2290,2330,2340,2430,2490,2430,2440,2490,2600,2720,2710,2730,2850,2880,2870,2860,2780,2680,2490,2300,2080,1960,1810,1770,1700,1660,1610,1610,1610,1610,1620,1620,1600,1570,1600,1600,1610,1660,1660,1710,1700,1710,1720,1730,1730,1760,1780,1800,1790,1750,1730,1700,1690
128,1190,1180,1190,1180,1180,1210,1230,1280,1330,1350,1390,1410,1420,1430,1440,1470,1500,1570,1680,1710,1760,1800,1850,1970,2080,2100,2120,2150,2130,2110,2120,2120,2160,2110,2180,2210,2210,2220,2270,2320,2370,2350,2350,2350,2320,2240,2260,2290,2330,2340,2430,2490,2430,2440,2490,2600,2720,2710,2730,2850,2880,2870,2860,2780,2680,2490,2300,2080,1960,1810,1770,1700,1660,1610,1610,1610,1610,1620,1620,1600,1570,1600,1600,1610,1660,1660,1710,1700,1710,1720,1730,1730,1760,1780,1800,1790,1750,1730,1700,1690,1720
129,1180,1190,1180,1180,1210,1230,1280,1330,1350,1390,1410,1420,1430,1440,1470,1500,1570,1680,1710,1760,1800,1850,1970,2080,2100,2120,2150,2130,2110,2120,2120,2160,2110,2180,2210,2210,2220,2270,2320,2370,2350,2350,2350,2320,2240,2260,2290,2330,2340,2430,2490,2430,2440,2490,2600,2720,2710,2730,2850,2880,2870,2860,2780,2680,2490,2300,2080,1960,1810,1770,1700,1660,1610,1610,1610,1610,1620,1620,1600,1570,1600,1600,1610,1660,1660,1710,1700,1710,1720,1730,1730,1760,1780,1800,1790,1750,1730,1700,1690,1720,1710
130,1190,1180,1180,1210,1230,1280,1330,1350,1390,1410,1420,1430,1440,1470,1500,1570,1680,1710,1760,1800,1850,1970,2080,2100,2120,2150,2130,2110,2120,2120,2160,2110,2180,2210,2210,2220,2270,2320,2370,2350,2350,2350,2320,2240,2260,2290,2330,2340,2430,2490,2430,2440,2490,2600,2720,2710,2730,2850,2880,2870,2860,2780,2680,2490,2300,2080,1960,1810,1770,1700,1660,1610,1610,1610,1610,1620,1620,1600,1570,1600,1600,1610,1660,1660,1710,1700,1710,1720,1730,1730,1760,1780,1800,1790,1750,1730,1700,1690,1720,1710,1700
131,1180,1180,1210,1230,1280,1330,1350,1390,1410,1420,1430,1440,1470,1500,1570,1680,1710,1760,1800,1850,1970,2080,2100,2120,2150,2130,2110,2120,2120,2160,2110,2180,2210,2210,2220,2270,2320,2370,2350,2350,2350,2320,2240,2260,2290,2330,2340,2430,2490,2430,2440,2490,2600,2720,2710,2730,2850,2880,2870,2860,2780,2680,2490,2300,2080,1960,1810,1770,1700,1660,1610,1610,1610,1610,1620,1620,1600,1570,1600,1600,1610,1660,1660,1710,1700,1710,1720,1730,1730,1760,1780,1800,1790,1750,1730,1700,1690,1720,1710,1700,1690
132,1180,1210,1230,1280,1330,1350,1390,1410,1420,1430,1440,1470,1500,1570,1680,1710,1760,1800,1850,1970,2080,2100,2120,2150,2130,2110,2120,2120,2160,2110,2180,2210,2210,2220,2270,2320,2370,2350,2350,2350,2320,2240,2260,2290,2330,2340,2430,2490,2430,2440,2490,2600,2720,2710,2730,2850,2880,2870,2860,2780,2680,2490,2300,2080,1960,1810,1770,1700,1660,1610,1610,1610,1610,1620,1620,1600,1570,1600,1600,1610,1660,1660,1710,1700,1710,1720,1730,1730,1760,1780,1800,1790,1750,1730,1700,1690,1720,1710,1700,1690,1720
133,1210,1230,1280,1330,1350,1390,1410,1420,1430,1440,1470,1500,1570,1680,1710,1760,1800,1850,1970,2080,2100,2120,2150,2130,2110,2120,2120,2160,2110,2180,2210,2210,2220,2270,2320,2370,2350,2350,2350,2320,2240,2260,2290,2330,2340,2430,2490,2430,2440,2490,2600,2720,2710,2730,2850,2880,2870,2860,2780,2680,2490,2300,2080,1960,1810,1770,1700,1660,1610,1610,1610,1610,1620,1620,1600,1570,1600,1600,1610,1660,1660,1710,1700,1710,1720,1730,1730,1760,1780,1800,1790,1750,1730,1700,1690,1720,1710,1700,1690,1720,1720
134,1230,1280,1330,1350,1390,1410,1420,1430,1440,1470,1500,1570,1680,1710,1760,1800,1850,1970,2080,2100,2120,2150,2130,2110,2120,2120,2160,2110,2180,2210,2210,2220,2270,2320,2370,2350,2350,2350,2320,2240,2260,2290,2330,2340,2430,2490,2430,2440,2490,2600,2720,2710,2730,2850,2880,2870,2860,2780,2680,2490,2300,2080,1960,1810,1770,1700,1660,1610,1610,1610,1610,1620,1620,1600,1570,1600,1600,1610,1660,1660,1710,1700,1710,1720,1730,1730,1760,1780,1800,1790,1750,1730,1700,1690,1720,1710,1700,1690,1720,1720,1700
135,1280,1330,1350,1390,1410,1420,1430,1440,1470,1500,1570,1680,1710,1760,1800,1850,1970,2080,2100,2120,2150,2130,2110,2120,2120,2160,2110,2180,2210,2210,2220,2270,2320,2370,2350,2350,2350,2320,2240,2260,2290,2330,2340,2430,2490,2430,2440,2490,2600,2720,2710,2730,2850,2880,2870,2860,2780,2680,2490,2300,2080,1960,1810,1770,1700,1660,1610,1610,1610,1610,1620,1620,1600,1570,1600,1600,1610,1660,1660,1710,1700,1710,1720,1730,1730,1760,1780,1800,1790,1750,1730,1700,1690,1720,1710,1700,1690,1720,1720,1700,1670
136,1330,1350,1390,1410,1420,1430,1440,1470,1500,1570,1680,1710,1760,1800,1850,1970,2080,2100,2120,2150,2130,2110,2120,2120,2160,2110,2180,2210,2210,2220,2270,2320,2370,2350,2350,2350,2320,2240,2260,2290,2330,2340,2430,2490,2430,2440,2490,2600,2720,2710,2730,2850,2880,2870,2860,2780,2680,2490,2300,2080,1960,1810,1770,1700,1660,1610,1610,1610,1610,1620,1620,1600,1570,1600,1600,1610,1660,1660,1710,1700,1710,1720,1730,1730,1760,1780,1800,1790,1750,1730,1700,1690,1720,1710,1700,1690,1720,1720,1700,1670,1650
137,1350,1390,1410,1420,1430,1440,1470,1500,1570,1680,1710,1760,1800,1850,1970,2080,2100,2120,2150,2130,2110,2120,2120,2160,2110,2180,2210,2210,2220,2270,2320,2370,2350,2350,2350,2320,2240,2260,2290,2330,2340,2430,2490,2430,2440,2490,2600,2720,2710,2730,2850,2880,2870,2860,2780,2680,2490,2300,2080,1960,1810,1770,1700,1660,1610,1610,1610,1610,1620,1620,1600,1570,1600,1600,1610,1660,1660,1710,1700,1710,1720,1730,1730,1760,1780,1800,1790,1750,1730,1700,1690,1720,1710,1700,1690,1720,1720,1700,1670,1650,1640
138,1390,1410,1420,1430,1440,1470,1500,1570,1680,1710,1760,1800,1850,1970,2080,2100,2120,2150,2130,2110,2120,2120,2160,2110,2180,2210,2210,2220,2270,2320,2370,2350,2350,2350,2320,2240,2260,2290,2330,2340,2430,2490,2430,2440,2490,2600,2720,2710,2730,2850,2880,2870,2860,2780,2680,2490,2300,2080,1960,1810,1770,1700,1660,1610,1610,1610,1610,1620,1620,1600,1570,1600,1600,1610,1660,1660,1710,1700,1710,1720,1730,1730,1760,1780,1800,1790,1750,1730,1700,1690,1720,1710,1700,1690,1720,1720,1700,1670,1650,1640,1650
139,1410,1420,1430,1440,1470,1500,1570,1680,1710,1760,1800,1850,1970,2080,2100,2120,2150,2130,2110,2120,2120,2160,2110,2180,2210,2210,2220,2270,2320,2370,2350,2350,2350,2320,2240,2260,2290,2330,2340,2430,2490,2430,2440,2490,2600,2720,2710,2730,2850,2880,2870,2860,2780,2680,2490,2300,2080,1960,1810,1770,1700,1660,1610,1610,1610,1610,1620,1620,1600,1570,1600,1600,1610,1660,1660,1710,1700,1710,1720,1730,1730,1760,1780,1800,1790,1750,1730,1700,1690,1720,1710,1700,1690,1720,1720,1700,1670,1650,1640,1650,1670
140,1420,1430,1440,1470,1500,1570,1680,1710,1760,1800,1850,1970,2080,2100,2120,2150,2130,2110,2120,2120,2160,2110,2180,2210,2210,2220,2270,2320,2370,2350,2350,2350,2320,2240,2260,2290,2330,2340,2430,2490,2430,2440,2490,2600,2720,2710,2730,2850,2880,2870,2860,2780,2680,2490,2300,2080,1960,1810,1770,1700,1660,1610,1610,1610,1610,1620,1620,1600,1570,1600,1600,1610,1660,1660,1710,1700,1710,1720,1730,1730,1760,1780,1800,1790,1750,1730,1700,1690,1720,1710,1700,1690,1720,1720,1700,1670,1650,1640,1650,1670,1670
141,1430,1440,1470,1500,1570,1680,1710,1760,1800,1850,1970,2080,2100,2120,2150,2130,2110,2120,2120,2160,2110,2180,2210,2210,2220,2270,2320,2370,2350,2350,2350,2320,2240,2260,2290,2330,2340,2430,2490,2430,2440,2490,2600,2720,2710,2730,2850,2880,2870,2860,2780,2680,2490,2300,2080,1960,1810,1770,1700,1660,1610,1610,1610,1610,1620,1620,1600,1570,1600,1600,1610,1660,1660,1710,1700,1710,1720,1730,1730,1760,1780,1800,1790,1750,1730,1700,1690,1720,1710,1700,1690,1720,1720,1700,1670,1650,1640,1650,1670,1670,1690
142,1440,1470,1500,1570,1680,1710,1760,1800,1850,1970,2080,2100,2120,2150,2130,2110,2120,2120,2160,2110,2180,2210,2210,2220,2270,2320,2370,2350,2350,2350,2320,2240,2260,2290,2330,2340,2430,2490,2430,2440,2490,2600,2720,2710,2730,2850,2880,2870,2860,2780,2680,2490,2300,2080,1960,1810,1770,1700,1660,1610,1610,1610,1610,1620,1620,1600,1570,1600,1600,1610,1660,1660,1710,1700,1710,1720,1730,1730,1760,1780,1800,1790,1750,1730,1700,1690,1720,1710,1700,1690,1720,1720,1700,1670,1650,1640,1650,1670,1670,1690,1710
143,1470,1500,1570,1680,1710,1760,1800,1850,1970,2080,2100,2120,2150,2130,2110,2120,2120,2160,2110,2180,2210,2210,2220,2270,2320,2370,2350,2350,2350,2320,2240,2260,2290,2330,2340,2430,2490,2430,2440,2490,2600,2720,2710,2730,2850,2880,2870,2860,2780,2680,2490,2300,2080,1960,1810,1770,1700,1660,1610,1610,1610,1610,1620,1620,1600,1570,1600,1600,1610,1660,1660,1710,1700,1710,1720,1730,1730,1760,1780,1800,1790,1750,1730,1700,1690,1720,1710,1700,1690,1720,1720,1700,1670,1650,1640,1650,1670,1670,1690,1710,1750
144,1500,1570,1680,1710,1760,1800,1850,1970,2080,2100,2120,2150,2130,2110,2120,2120,2160,2110,2180,2210,2210,2220,2270,2320,2370,2350,2350,2350,2320,2240,2260,2290,2330,2340,2430,2490,2430,2440,2490,2600,2720,2710,2730,2850,2880,2870,2860,2780,2680,2490,2300,2080,1960,1810,1770,1700,1660,1610,1610,1610,1610,1620,1620,1600,1570,1600,1600,1610,1660,1660,1710,1700,1710,1720,1730,1730,1760,1780,1800,1790,1750,1730,1700,1690,1720,1710,1700,1690,1720,1720,1700,1670,1650,1640,1650,1670,1670,1690,1710,1750,1770
145,1570,1680,1710,1760,1800,1850,1970,2080,2100,2120,2150,2130,2110,2120,2120,2160,2110,2180,2210,2210,2220,2270,2320,2370,2350,2350,2350,2320,2240,2260,2290,2330,2340,2430,2490,2430,2440,2490,2600,2720,2710,2730,2850,2880,2870,2860,2780,2680,2490,2300,2080,1960,1810,1770,1700,1660,1610,1610,1610,1610,1620,1620,1600,1570,1600,1600,1610,1660,1660,1710,1700,1710,1720,1730,1730,1760,1780,1800,1790,1750,1730,1700,1690,1720,1710,1700,1690,1720,1720,1700,1670,1650,1640,1650,1670,1670,1690,1710,1750,1770,1790
146,1680,1710,1760,1800,1850,1970,2080,2100,2120,2150,2130,2110,2120,2120,2160,2110,2180,2210,2210,2220,2270,2320,2370,2350,2350,2350,2320,2240,2260,2290,2330,2340,2430,2490,2430,2440,2490,2600,2720,2710,2730,2850,2880,2870,2860,2780,2680,2490,2300,2080,1960,1810,1770,1700,1660,1610,1610,1610,1610,1620,1620,1600,1570,1600,1600,1610,1660,1660,1710,1700,1710,1720,1730,1730,1760,1780,1800,1790,1750,1730,1700,1690,1720,1710,1700,1690,1720,1720,1700,1670,1650,1640,1650,1670,1670,1690,1710,1750,1770,1790,1790
147,1710,1760,1800,1850,1970,2080,2100,2120,2150,2130,2110,2120,2120,2160,2110,2180,2210,2210,2220,2270,2320,2370,2350,2350,2350,2320,2240,2260,2290,2330,2340,2430,2490,2430,2440,2490,2600,2720,2710,2730,2850,2880,2870,2860,2780,2680,2490,2300,2080,1960,1810,1770,1700,1660,1610,1610,1610,1610,1620,1620,1600,1570,1600,1600,1610,1660,1660,1710,1700,1710,1720,1730,1730,1760,1780,1800,1790,1750,1730,1700,1690,1720,1710,1700,1690,1720,1720,1700,1670,1650,1640,1650,1670,1670,1690,1710,1750,1770,1790,1790,1750
148,1760,1800,1850,1970,2080,2100,2120,2150,2130,2110,2120,2120,2160,2110,2180,2210,2210,2220,2270,2320,2370,2350,2350,2350,2320,2240,2260,2290,2330,2340,2430,2490,2430,2440,2490,2600,2720,2710,2730,2850,2880,2870,2860,2780,2680,2490,2300,2080,1960,1810,1770,1700,1660,1610,1610,1610,1610,1620,1620,1600,1570,1600,1600,1610,1660,1660,1710,1700,1710,1720,1730,1730,1760,1780,1800,1790,1750,1730,1700,1690,1720,1710,1700,1690,1720,1720,1700,1670,1650,1640,1650,1670,1670,1690,1710,1750,1770,1790,1790,1750,1750
149,1800,1850,1970,2080,2100,2120,2150,2130,2110,2120,2120,2160,2110,2180,2210,2210,2220,2270,2320,2370,2350,2350,2350,2320,2240,2260,2290,2330,2340,2430,2490,2430,2440,2490,2600,2720,2710,2730,2850,2880,2870,2860,2780,2680,2490,2300,2080,1960,1810,1770,1700,1660,1610,1610,1610,1610,1620,1620,1600,1570,1600,1600,1610,1660,1660,1710,1700,1710,1720,1730,1730,1760,1780,1800,1790,1750,1730,1700,1690,1720,1710,1700,1690,1720,1720,1700,1670,1650,1640,1650,1670,1670,1690,1710,1750,1770,1790,1790,1750,1750,1770
150,1850,1970,2080,2100,2120,2150,2130,2110,2120,2120,2160,2110,2180,2210,2210,2220,2270,2320,2370,2350,2350,2350,2320,2240,2260,2290,2330,2340,2430,2490,2430,2440,2490,2600,2720,2710,2730,2850,2880,2870,2860,2780,2680,2490,2300,2080,1960,1810,1770,1700,1660,1610,1610,1610,1610,1620,1620,1600,1570,1600,1600,1610,1660,1660,1710,1700,1710,1720,1730,1730,1760,1780,1800,1790,1750,1730,1700,1690,1720,1710,1700,1690,1720,1720,1700,1670,1650,1640,1650,1670,1670,1690,1710,1750,1770,1790,1790,1750,1750,1770,1800
151,1970,2080,2100,2120,2150,2130,2110,2120,2120,2160,2110,2180,2210,2210,2220,2270,2320,2370,2350,2350,2350,2320,2240,2260,2290,2330,2340,2430,2490,2430,2440,2490,2600,2720,2710,2730,2850,2880,2870,2860,2780,2680,2490,2300,2080,1960,1810,1770,1700,1660,1610,1610,1610,1610,1620,1620,1600,1570,1600,1600,1610,1660,1660,1710,1700,1710,1720,1730,1730,1760,1780,1800,1790,1750,1730,1700,1690,1720,1710,1700,1690,1720,1720,1700,1670,1650,1640,1650,1670,1670,1690,1710,1750,1770,1790,1790,1750,1750,1770,1800,1790
152,2080,2100,2120,2150,2130,2110,2120,2120,2160,2110,2180,2210,2210,2220,2270,2320,2370,2350,2350,2350,2320,2240,2260,2290,2330,2340,2430,2490,2430,2440,2490,2600,2720,2710,2730,2850,2880,2870,2860,2780,2680,2490,2300,2080,1960,1810,1770,1700,1660,1610,1610,1610,1610,1620,1620,1600,1570,1600,1600,1610,1660,1660,1710,1700,1710,1720,1730,1730,1760,1780,1800,1790,1750,1730,1700,1690,1720,1710,1700,1690,1720,1720,1700,1670,1650,1640,1650,1670,1670,1690,1710,1750,1770,1790,1790,1750,1750,1770,1800,1790,1780
153,2100,2120,2150,2130,2110,2120,2120,2160,2110,2180,2210,2210,2220,2270,2320,2370,2350,2350,2350,2320,2240,2260,2290,2330,2340,2430,2490,2430,2440,2490,2600,2720,2710,2730,2850,2880,2870,2860,2780,2680,2490,2300,2080,1960,1810,1770,1700,1660,1610,1610,1610,1610,1620,1620,1600,1570,1600,1600,1610,1660,1660,1710,1700,1710,1720,1730,1730,1760,1780,1800,1790,1750,1730,1700,1690,1720,1710,1700,1690,1720,1720,1700,1670,1650,1640,1650,1670,1670,1690,1710,1750,1770,1790,1790,1750,1750,1770,1800,1790,1780,1780
154,2120,2150,2130,2110,2120,2120,2160,2110,2180,2210,2210,2220,2270,2320,2370,2350,2350,2350,2320,2240,2260,2290,2330,2340,2430,2490,2430,2440,2490,2600,2720,2710,2730,2850,2880,2870,2860,2780,2680,2490,2300,2080,1960,1810,1770,1700,1660,1610,1610,1610,1610,1620,1620,1600,1570,1600,1600,1610,1660,1660,1710,1700,1710,1720,1730,1730,1760,1780,1800,1790,1750,1730,1700,1690,1720,1710,1700,1690,1720,1720,1700,1670,1650,1640,1650,1670,1670,1690,1710,1750,1770,1790,1790,1750,1750,1770,1800,1790,1780,1780,1800
155,2150,2130,2110,2120,2120,2160,2110,2180,2210,2210,2220,2270,2320,2370,2350,2350,2350,2320,2240,2260,2290,2330,2340,2430,2490,2430,2440,2490,2600,2720,2710,2730,2850,2880,2870,2860,2780,2680,2490,2300,2080,1960,1810,1770,1700,1660,1610,1610,1610,1610,1620,1620,1600,1570,1600,1600,1610,1660,1660,1710,1700,1710,1720,1730,1730,1760,1780,1800,1790,1750,1730,1700,1690,1720,1710,1700,1690,1720,1720,1700,1670,1650,1640,1650,1670,1670,1690,1710,1750,1770,1790,1790,1750,1750,1770,1800,1790,1780,1780,1800,1780
156,2130,2110,2120,2120,2160,2110,2180,2210,2210,2220,2270,2320,2370,2350,2350,2350,2320,2240,2260,2290,2330,2340,2430,2490,2430,2440,2490,2600,2720,2710,2730,2850,2880,2870,2860,2780,2680,2490,2300,2080,1960,1810,1770,1700,1660,1610,1610,1610,1610,1620,1620,1600,1570,1600,1600,1610,1660,1660,1710,1700,1710,1720,1730,1730,1760,1780,1800,1790,1750,1730,1700,1690,1720,1710,1700,1690,1720,1720,1700,1670,1650,1640,1650,1670,1670,1690,1710,1750,1770,1790,1790,1750,1750,1770,1800,1790,1780,1780,1800,1780,1780
157,2110,2120,2120,2160,2110,2180,2210,2210,2220,2270,2320,2370,2350,2350,2350,2320,2240,2260,2290,2330,2340,2430,2490,2430,2440,2490,2600,2720,2710,2730,2850,2880,2870,2860,2780,2680,2490,2300,2080,1960,1810,1770,1700,1660,1610,1610,1610,1610,1620,1620,1600,1570,1600,1600,1610,1660,1660,1710,1700,1710,1720,1730,1730,1760,1780,1800,1790,1750,1730,1700,1690,1720,1710,1700,1690,1720,1720,1700,1670,1650,1640,1650,1670,1670,1690,1710,1750,1770,1790,1790,1750,1750,1770,1800,1790,1780,1780,1800,1780,1780,1760
158,2120,2120,2160,2110,2180,2210,2210,2220,2270,2320,2370,2350,2350,2350,2320,2240,2260,2290,2330,2340,2430,2490,2430,2440,2490,2600,2720,2710,2730,2850,2880,2870,2860,2780,2680,2490,2300,2080,1960,1810,1770,1700,1660,1610,1610,1610,1610,1620,1620,1600,1570,1600,1600,1610,1660,1660,1710,1700,1710,1720,1730,1730,1760,1780,1800,1790,1750,1730,1700,1690,1720,1710,1700,1690,1720,1720,1700,1670,1650,1640,1650,1670,1670,1690,1710,1750,1770,1790,1790,1750,1750,1770,1800,1790,1780,1780,1800,1780,1780,1760,1730
159,2120,2160,2110,2180,2210,2210,2220,2270,2320,2370,2350,2350,2350,2320,2240,2260,2290,2330,2340,2430,2490,2430,2440,2490,2600,2720,2710,2730,2850,2880,2870,2860,2780,2680,2490,2300,2080,1960,1810,1770,1700,1660,1610,1610,1610,1610,1620,1620,1600,1570,1600,1600,1610,1660,1660,1710,1700,1710,1720,1730,1730,1760,1780,1800,1790,1750,1730,1700,1690,1720,1710,1700,1690,1720,1720,1700,1670,1650,1640,1650,1670,1670,1690,1710,1750,1770,1790,1790,1750,1750,1770,1800,1790,1780,1780,1800,1780,1780,1760,1730,1730
160,2160,2110,2180,2210,2210,2220,2270,2320,2370,2350,2350,2350,2320,2240,2260,2290,2330,2340,2430,2490,2430,2440,2490,2600,2720,2710,2730,2850,2880,2870,2860,2780,2680,2490,2300,2080,1960,1810,1770,1700,1660,1610,1610,1610,1610,1620,1620,1600,1570,1600,1600,1610,1660,1660,1710,1700,1710,1720,1730,1730,1760,1780,1800,1790,1750,1730,1700,1690,1720,1710,1700,1690,1720,1720,1700,1670,1650,1640,1650,1670,1670,1690,1710,1750,1770,1790,1790,1750,1750,1770,1800,1790,1780,1780,1800,1780,1780,1760,1730,1730,1730
161,2110,2180,2210,2210,2220,2270,2320,2370,2350,2350,2350,2320,2240,2260,2290,2330,2340,2430,2490,2430,2440,2490,2600,2720,2710,2730,2850,2880,2870,2860,2780,2680,2490,2300,2080,1960,1810,1770,1700,1660,1610,1610,1610,1610,1620,1620,1600,1570,1600,1600,1610,1660,1660,1710,1700,1710,1720,1730,1730,1760,1780,1800,1790,1750,1730,1700,1690,1720,1710,1700,1690,1720,1720,1700,1670,1650,1640,1650,1670,1670,1690,1710,1750,1770,1790,1790,1750,1750,1770,1800,1790,1780,1780,1800,1780,1780,1760,1730,1730,1730,1730
162,2180,2210,2210,2220,2270,2320,2370,2350,2350,2350,2320,2240,2260,2290,2330,2340,2430,2490,2430,2440,2490,2600,2720,2710,2730,2850,2880,2870,2860,2780,2680,2490,2300,2080,1960,1810,1770,1700,1660,1610,1610,1610,1610,1620,1620,1600,1570,1600,1600,1610,1660,1660,1710,1700,1710,1720,1730,1730,1760,1780,1800,1790,1750,1730,1700,1690,1720,1710,1700,1690,1720,1720,1700,1670,1650,1640,1650,1670,1670,1690,1710,1750,1770,1790,1790,1750,1750,1770,1800,1790,1780,1780,1800,1780,1780,1760,1730,1730,1730,1730,1710
163,2210,2210,2220,2270,2320,2370,2350,2350,2350,2320,2240,2260,2290,2330,2340,2430,2490,2430,2440,2490,2600,2720,2710,2730,2850,2880,2870,2860,2780,2680,2490,2300,2080,1960,1810,1770,1700,1660,1610,1610,1610,1610,1620,1620,1600,1570,1600,1600,1610,1660,1660,1710,1700,1710,1720,1730,1730,1760,1780,1800,1790,1750,1730,1700,1690,1720,1710,1700,1690,1720,1720,1700,1670,1650,1640,1650,1670,1670,1690,1710,1750,1770,1790,1790,1750,1750,1770,1800,1790,1780,1780,1800,1780,1780,1760,1730,1730,1730,1730,1710,1710
164,2210,2220,2270,2320,2370,2350,2350,2350,2320,2240,2260,2290,2330,2340,2430,2490,2430,2440,2490,2600,2720,2710,2730,2850,2880,2870,2860,2780,2680,2490,2300,2080,1960,1810,1770,1700,1660,1610,1610,1610,1610,1620,1620,1600,1570,1600,1600,1610,1660,1660,1710,1700,1710,1720,1730,1730,1760,1780,1800,1790,1750,1730,1700,1690,1720,1710,1700,1690,1720,1720,1700,1670,1650,1640,1650,1670,1670,1690,1710,1750,1770,1790,1790,1750,1750,1770,1800,1790,1780,1780,1800,1780,1780,1760,1730,1730,1730,1730,1710,1710,1720
165,2220,2270,2320,2370,2350,2350,2350,2320,2240,2260,2290,2330,2340,2430,2490,2430,2440,2490,2600,2720,2710,2730,2850,2880,2870,2860,2780,2680,2490,2300,2080,1960,1810,1770,1700,1660,1610,1610,1610,1610,1620,1620,1600,1570,1600,1600,1610,1660,1660,1710,1700,1710,1720,1730,1730,1760,1780,1800,1790,1750,1730,1700,1690,1720,1710,1700,1690,1720,1720,1700,1670,1650,1640,1650,1670,1670,1690,1710,1750,1770,1790,1790,1750,1750,1770,1800,1790,1780,1780,1800,1780,1780,1760,1730,1730,1730,1730,1710,1710,1720,1710
166,2270,2320,2370,2350,2350,2350,2320,2240,2260,2290,2330,2340,2430,2490,2430,2440,2490,2600,2720,2710,2730,2850,2880,2870,2860,2780,2680,2490,2300,2080,1960,1810,1770,1700,1660,1610,1610,1610,1610,1620,1620,1600,1570,1600,1600,1610,1660,1660,1710,1700,1710,1720,1730,1730,1760,1780,1800,1790,1750,1730,1700,1690,1720,1710,1700,1690,1720,1720,1700,1670,1650,1640,1650,1670,1670,1690,1710,1750,1770,1790,1790,1750,1750,1770,1800,1790,1780,1780,1800,1780,1780,1760,1730,1730,1730,1730,1710,1710,1720,1710,1700
167,2320,2370,2350,2350,2350,2320,2240,2260,2290,2330,2340,2430,2490,2430,2440,2490,2600,2720,2710,2730,2850,2880,2870,2860,2780,2680,2490,2300,2080,1960,1810,1770,1700,1660,1610,1610,1610,1610,1620,1620,1600,1570,1600,1600,1610,1660,1660,1710,1700,1710,1720,1730,1730,1760,1780,1800,1790,1750,1730,1700,1690,1720,1710,1700,1690,1720,1720,1700,1670,1650,1640,1650,1670,1670,1690,1710,1750,1770,1790,1790,1750,1750,1770,1800,1790,1780,1780,1800,1780,1780,1760,1730,1730,1730,1730,1710,1710,1720,1710,1700,1690
168,2370,2350,2350,2350,2320,2240,2260,2290,2330,2340,2430,2490,2430,2440,2490,2600,2720,2710,2730,2850,2880,2870,2860,2780,2680,2490,2300,2080,1960,1810,1770,1700,1660,1610,1610,1610,1610,1620,1620,1600,1570,1600,1600,1610,1660,1660,1710,1700,1710,1720,1730,1730,1760,1780,1800,1790,1750,1730,1700,1690,1720,1710,1700,1690,1720,1720,1700,1670,1650,1640,1650,1670,1670,1690,1710,1750,1770,1790,1790,1750,1750,1770,1800,1790,1780,1780,1800,1780,1780,1760,1730,1730,1730,1730,1710,1710,1720,1710,1700,1690,1640
169,2350,2350,2350,2320,2240,2260,2290,2330,2340,2430,2490,2430,2440,2490,2600,2720,2710,2730,2850,2880,2870,2860,2780,2680,2490,2300,2080,1960,1810,1770,1700,1660,1610,1610,1610,1610,1620,1620,1600,1570,1600,1600,1610,1660,1660,1710,1700,1710,1720,1730,1730,1760,1780,1800,1790,1750,1730,1700,1690,1720,1710,1700,1690,1720,1720,1700,1670,1650,1640,1650,1670,1670,1690,1710,1750,1770,1790,1790,1750,1750,1770,1800,1790,1780,1780,1800,1780,1780,1760,1730,1730,1730,1730,1710,1710,1720,1710,1700,1690,1640,1660
170,2350,2350,2320,2240,2260,2290,2330,2340,2430,2490,2430,2440,2490,2600,2720,2710,2730,2850,2880,2870,2860,2780,2680,2490,2300,2080,1960,1810,1770,1700,1660,1610,1610,1610,1610,1620,1620,1600,1570,1600,1600,1610,1660,1660,1710,1700,1710,1720,1730,1730,1760,1780,1800,1790,1750,1730,1700,1690,1720,1710,1700,1690,1720,1720,1700,1670,1650,1640,1650,1670,1670,1690,1710,1750,1770,1790,1790,1750,1750,1770,1800,1790,1780,1780,1800,1780,1780,1760,1730,1730,1730,1730,1710,1710,1720,1710,1700,1690,1640,1660,1650
171,2350,2320,2240,2260,2290,2330,2340,2430,2490,2430,2440,2490,2600,2720,2710,2730,2850,2880,2870,2860,2780,2680,2490,2300,2080,1960,1810,1770,1700,1660,1610,1610,1610,1610,1620,1620,1600,1570,1600,1600,1610,1660,1660,1710,1700,1710,1720,1730,1730,1760,1780,1800,1790,1750,1730,1700,1690,1720,1710,1700,1690,1720,1720,1700,1670,1650,1640,1650,1670,1670,1690,1710,1750,1770,1790,1790,1750,1750,1770,1800,1790,1780,1780,1800,1780,1780,1760,1730,1730,1730,1730,1710,1710,1720,1710,1700,1690,1640,1660,1650,1630
172,2320,2240,2260,2290,2330,2340,2430,2490,2430,2440,2490,2600,2720,2710,2730,2850,2880,2870,2860,2780,2680,2490,2300,2080,1960,1810,1770,1700,1660,1610,1610,1610,1610,1620,1620,1600,1570,1600,1600,1610,1660,1660,1710,1700,1710,1720,1730,1730,1760,1780,1800,1790,1750,1730,1700,1690,1720,1710,1700,1690,1720,1720,1700,1670,1650,1640,1650,1670,1670,1690,1710,1750,1770,1790,1790,1750,1750,1770,1800,1790,1780,1780,1800,1780,1780,1760,1730,1730,1730,1730,1710,1710,1720,1710,1700,1690,1640,1660,1650,1630,1620
173,2240,2260,2290,2330,2340,2430,2490,2430,2440,2490,2600,2720,2710,2730,2850,2880,2870,2860,2780,2680,2490,2300,2080,1960,1810,1770,1700,1660,1610,1610,1610,1610,1620,1620,1600,1570,1600,1600,1610,1660,1660,1710,1700,1710,1720,1730,1730,1760,1780,1800,1790,1750,1730,1700,1690,1720,1710,1700,1690,1720,1720,1700,1670,1650,1640,1650,1670,1670,1690,1710,1750,1770,1790,1790,1750,1750,1770,1800,1790,1780,1780,1800,1780,1780,1760,1730,1730,1730,1730,1710,1710,1720,1710,1700,1690,1640,1660,1650,1630,1620,1620
174,2260,2290,2330,2340,2430,2490,2430,2440,2490,2600,2720,2710,2730,2850,2880,2870,2860,2780,2680,2490,2300,2080,1960,1810,1770,1700,1660,1610,1610,1610,1610,1620,1620,1600,1570,1600,1600,1610,1660,1660,1710,1700,1710,1720,1730,1730,1760,1780,1800,1790,1750,1730,1700,1690,1720,1710,1700,1690,1720,1720,1700,1670,1650,1640,1650,1670,1670,1690,1710,1750,1770,1790,1790,1750,1750,1770,1800,1790,1780,1780,1800,1780,1780,1760,1730,1730,1730,1730,1710,1710,1720,1710,1700,1690,1640,1660,1650,1630,1620,1620,1620
175,2290,2330,2340,2430,2490,2430,2440,2490,2600,2720,2710,2730,2850,2880,2870,2860,2780,2680,2490,2300,2080,1960,1810,1770,1700,1660,1610,1610,1610,1610,1620,1620,1600,1570,1600,1600,1610,1660,1660,1710,1700,1710,1720,1730,1730,1760,1780,1800,1790,1750,1730,1700,1690,1720,1710,1700,1690,1720,1720,1700,1670,1650,1640,1650,1670,1670,1690,1710,1750,1770,1790,1790,1750,1750,1770,1800,1790,1780,1780,1800,1780,1780,1760,1730,1730,1730,1730,1710,1710,1720,1710,1700,1690,1640,1660,1650,1630,1620,1620,1620,1640
176,2330,2340,2430,2490,2430,2440,2490,2600,2720,2710,2730,2850,2880,2870,2860,2780,2680,2490,2300,2080,1960,1810,1770,1700,1660,1610,1610,1610,1610,1620,1620,1600,1570,1600,1600,1610,1660,1660,1710,1700,1710,1720,1730,1730,1760,1780,1800,1790,1750,1730,1700,1690,1720,1710,1700,1690,1720,1720,1700,1670,1650,1640,1650,1670,1670,1690,1710,1750,1770,1790,1790,1750,1750,1770,1800,1790,1780,1780,1800,1780,1780,1760,1730,1730,1730,1730,1710,1710,1720,1710,1700,1690,1640,1660,1650,1630,1620,1620,1620,1640,1660
177,2340,2430,2490,2430,2440,2490,2600,2720,2710,2730,2850,2880,2870,2860,2780,2680,2490,2300,2080,1960,1810,1770,1700,1660,1610,1610,1610,1610,1620,1620,1600,1570,1600,1600,1610,1660,1660,1710,1700,1710,1720,1730,1730,1760,1780,1800,1790,1750,1730,1700,1690,1720,1710,1700,1690,1720,1720,1700,1670,1650,1640,1650,1670,1670,1690,1710,1750,1770,1790,1790,1750,1750,1770,1800,1790,1780,1780,1800,1780,1780,1760,1730,1730,1730,1730,1710,1710,1720,1710,1700,1690,1640,1660,1650,1630,1620,1620,1620,1640,1660,1670
178,2430,2490,2430,2440,2490,2600,2720,2710,2730,2850,2880,2870,2860,2780,2680,2490,2300,2080,1960,1810,1770,1700,1660,1610,1610,1610,1610,1620,1620,1600,1570,1600,1600,1610,1660,1660,1710,1700,1710,1720,1730,1730,1760,1780,1800,1790,1750,1730,1700,1690,1720,1710,1700,1690,1720,1720,1700,1670,1650,1640,1650,1670,1670,1690,1710,1750,1770,1790,1790,1750,1750,1770,1800,1790,1780,1780,1800,1780,1780,1760,1730,1730,1730,1730,1710,1710,1720,1710,1700,1690,1640,1660,1650,1630,1620,1620,1620,1640,1660,1670,1660
179,2490,2430,2440,2490,2600,2720,2710,2730,2850,2880,2870,2860,2780,2680,2490,2300,2080,1960,1810,1770,1700,1660,1610,1610,1610,1610,1620,1620,1600,1570,1600,1600,1610,1660,1660,1710,1700,1710,1720,1730,1730,1760,1780,1800,1790,1750,1730,1700,1690,1720,1710,1700,1690,1720,1720,1700,1670,1650,1640,1650,1670,1670,1690,1710,1750,1770,1790,1790,1750,1750,1770,1800,1790,1780,1780,1800,1780,1780,1760,1730,1730,1730,1730,1710,1710,1720,1710,1700,1690,1640,1660,1650,1630,1620,1620,1620,1640,1660,1670,1660,1660
180,2430,2440,2490,2600,2720,2710,2730,2850,2880,2870,2860,2780,2680,2490,2300,2080,1960,1810,1770,1700,1660,1610,1610,1610,1610,1620,1620,1600,1570,1600,1600,1610,1660,1660,1710,1700,1710,1720,1730,1730,1760,1780,1800,1790,1750,1730,1700,1690,1720,1710,1700,1690,1720,1720,1700,1670,1650,1640,1650,1670,1670,1690,1710,1750,1770,1790,1790,1750,1750,1770,1800,1790,1780,1780,1800,1780,1780,1760,1730,1730,1730,1730,1710,1710,1720,1710,1700,1690,1640,1660,1650,1630,1620,1620,1620,1640,1660,1670,1660,1660,1660
181,2440,2490,2600,2720,2710,2730,2850,2880,2870,2860,2780,2680,2490,2300,2080,1960,1810,1770,1700,1660,1610,1610,1610,1610,1620,1620,1600,1570,1600,1600,1610,1660,1660,1710,1700,1710,1720,1730,1730,1760,1780,1800,1790,1750,1730,1700,1690,1720,1710,1700,1690,1720,1720,1700,1670,1650,1640,1650,1670,1670,1690,1710,1750,1770,1790,1790,1750,1750,1770,1800,1790,1780,1780,1800,1780,1780,1760,1730,1730,1730,1730,1710,1710,1720,1710,1700,1690,1640,1660,1650,1630,1620,1620,1620,1640,1660,1670,1660,1660,1660,1650
182,2490,2600,2720,2710,2730,2850,2880,2870,2860,2780,2680,2490,2300,2080,1960,1810,1770,1700,1660,1610,1610,1610,1610,1620,1620,1600,1570,1600,1600,1610,1660,1660,1710,1700,1710,1720,1730,1730,1760,1780,1800,1790,1750,1730,1700,1690,1720,1710,1700,1690,1720,1720,1700,1670,1650,1640,1650,1670,1670,1690,1710,1750,1770,1790,1790,1750,1750,1770,1800,1790,1780,1780,1800,1780,1780,1760,1730,1730,1730,1730,1710,1710,1720,1710,1700,1690,1640,1660,1650,1630,1620,1620,1620,1640,1660,1670,1660,1660,1660,1650,1650
183,2600,2720,2710,2730,2850,2880,2870,2860,2780,2680,2490,2300,2080,1960,1810,1770,1700,1660,1610,1610,1610,1610,1620,1620,1600,1570,1600,1600,1610,1660,1660,1710,1700,1710,1720,1730,1730,1760,1780,1800,1790,1750,1730,1700,1690,1720,1710,1700,1690,1720,1720,1700,1670,1650,1640,1650,1670,1670,1690,1710,1750,1770,1790,1790,1750,1750,1770,1800,1790,1780,1780,1800,1780,1780,1760,1730,1730,1730,1730,1710,1710,1720,1710,1700,1690,1640,1660,1650,1630,1620,1620,1620,1640,1660,1670,1660,1660,1660,1650,1650,1670
184,2720,2710,2730,2850,2880,2870,2860,2780,2680,2490,2300,2080,1960,1810,1770,1700,1660,1610,1610,1610,1610,1620,1620,1600,1570,1600,1600,1610,1660,1660,1710,1700,1710,1720,1730,1730,1760,1780,1800,1790,1750,1730,1700,1690,1720,1710,1700,1690,1720,1720,1700,1670,1650,1640,1650,1670,1670,1690,1710,1750,1770,1790,1790,1750,1750,1770,1800,1790,1780,1780,1800,1780,1780,1760,1730,1730,1730,1730,1710,1710,1720,1710,1700,1690,1640,1660,1650,1630,1620,1620,1620,1640,1660,1670,1660,1660,1660,1650,1650,1670,1680
185,2710,2730,2850,2880,2870,2860,2780,2680,2490,2300,2080,1960,1810,1770,1700,1660,1610,1610,1610,1610,1620,1620,1600,1570,1600,1600,1610,1660,1660,1710,1700,1710,1720,1730,1730,1760,1780,1800,1790,1750,1730,1700,1690,1720,1710,1700,1690,1720,1720,1700,1670,1650,1640,1650,1670,1670,1690,1710,1750,1770,1790,1790,1750,1750,1770,1800,1790,1780,1780,1800,1780,1780,1760,1730,1730,1730,1730,1710,1710,1720,1710,1700,1690,1640,1660,1650,1630,1620,1620,1620,1640,1660,1670,1660,1660,1660,1650,1650,1670,1680,1670
186,2730,2850,2880,2870,2860,2780,2680,2490,2300,2080,1960,1810,1770,1700,1660,1610,1610,1610,1610,1620,1620,1600,1570,1600,1600,1610,1660,1660,1710,1700,1710,1720,1730,1730,1760,1780,1800,1790,1750,1730,1700,1690,1720,1710,1700,1690,1720,1720,1700,1670,1650,1640,1650,1670,1670,1690,1710,1750,1770,1790,1790,1750,1750,1770,1800,1790,1780,1780,1800,1780,1780,1760,1730,1730,1730,1730,1710,1710,1720,1710,1700,1690,1640,1660,1650,1630,1620,1620,1620,1640,1660,1670,1660,1660,1660,1650,1650,1670,1680,1670,1680
187,2850,2880,2870,2860,2780,2680,2490,2300,2080,1960,1810,1770,1700,1660,1610,1610,1610,1610,1620,1620,1600,1570,1600,1600,1610,1660,1660,1710,1700,1710,1720,1730,1730,1760,1780,1800,1790,1750,1730,1700,1690,1720,1710,1700,1690,1720,1720,1700,1670,1650,1640,1650,1670,1670,1690,1710,1750,1770,1790,1790,1750,1750,1770,1800,1790,1780,1780,1800,1780,1780,1760,1730,1730,1730,1730,1710,1710,1720,1710,1700,1690,1640,1660,1650,1630,1620,1620,1620,1640,1660,1670,1660,1660,1660,1650,1650,1670,1680,1670,1680,1680
188,2880,2870,2860,2780,2680,2490,2300,2080,1960,1810,1770,1700,1660,1610,1610,1610,1610,1620,1620,1600,1570,1600,1600,1610,1660,1660,1710,1700,1710,1720,1730,1730,1760,1780,1800,1790,1750,1730,1700,1690,1720,1710,1700,1690,1720,1720,1700,1670,1650,1640,1650,1670,1670,1690,1710,1750,1770,1790,1790,1750,1750,1770,1800,1790,1780,1780,1800,1780,1780,1760,1730,1730,1730,1730,1710,1710,1720,1710,1700,1690,1640,1660,1650,1630,1620,1620,1620,1640,1660,1670,1660,1660,1660,1650,1650,1670,1680,1670,1680,1680,1700
189,2870,2860,2780,2680,2490,2300,2080,1960,1810,1770,1700,1660,1610,1610,1610,1610,1620,1620,1600,1570,1600,1600,1610,1660,1660,1710,1700,1710,1720,1730,1730,1760,1780,1800,1790,1750,1730,1700,1690,1720,1710,1700,1690,1720,1720,1700,1670,1650,1640,1650,1670,1670,1690,1710,1750,1770,1790,1790,1750,1750,1770,1800,1790,1780,1780,1800,1780,1780,1760,1730,1730,1730,1730,1710,1710,1720,1710,1700,1690,1640,1660,1650,1630,1620,1620,1620,1640,1660,1670,1660,1660,1660,1650,1650,1670,1680,1670,1680,1680,1700,1670
190,2860,2780,2680,2490,2300,2080,1960,1810,1770,1700,1660,1610,1610,1610,1610,1620,1620,1600,1570,1600,1600,1610,1660,1660,1710,1700,1710,1720,1730,1730,1760,1780,1800,1790,1750,1730,1700,1690,1720,1710,1700,1690,1720,1720,1700,1670,1650,1640,1650,1670,1670,1690,1710,1750,1770,1790,1790,1750,1750,1770,1800,1790,1780,1780,1800,1780,1780,1760,1730,1730,1730,1730,1710,1710,1720,1710,1700,1690,1640,1660,1650,1630,1620,1620,1620,1640,1660,1670,1660,1660,1660,1650,1650,1670,1680,1670,1680,1680,1700,1670,1650
191,2780,2680,2490,2300,2080,1960,1810,1770,1700,1660,1610,1610,1610,1610,1620,1620,1600,1570,1600,1600,1610,1660,1660,1710,1700,1710,1720,1730,1730,1760,1780,1800,1790,1750,1730,1700,1690,1720,1710,1700,1690,1720,1720,1700,1670,1650,1640,1650,1670,1670,1690,1710,1750,1770,1790,1790,1750,1750,1770,1800,1790,1780,1780,1800,1780,1780,1760,1730,1730,1730,1730,1710,1710,1720,1710,1700,1690,1640,1660,1650,1630,1620,1620,1620,1640,1660,1670,1660,1660,1660,1650,1650,1670,1680,1670,1680,1680,1700,1670,1650,1650
192,2680,2490,2300,2080,1960,1810,1770,1700,1660,1610,1610,1610,1610,1620,1620,1600,1570,1600,1600,1610,1660,1660,1710,1700,1710,1720,1730,1730,1760,1780,1800,1790,1750,1730,1700,1690,1720,1710,1700,1690,1720,1720,1700,1670,1650,1640,1650,1670,1670,1690,1710,1750,1770,1790,1790,1750,1750,1770,1800,1790,1780,1780,1800,1780,1780,1760,1730,1730,1730,1730,1710,1710,1720,1710,1700,1690,1640,1660,1650,1630,1620,1620,1620,1640,1660,1670,1660,1660,1660,1650,1650,1670,1680,1670,1680,1680,1700,1670,1650,1650,1650
193,2490,2300,2080,1960,1810,1770,1700,1660,1610,1610,1610,1610,1620,1620,1600,1570,1600,1600,1610,1660,1660,1710,1700,1710,1720,1730,1730,1760,1780,1800,1790,1750,1730,1700,1690,1720,1710,1700,1690,1720,1720,1700,1670,1650,1640,1650,1670,1670,1690,1710,1750,1770,1790,1790,1750,1750,1770,1800,1790,1780,1780,1800,1780,1780,1760,1730,1730,1730,1730,1710,1710,1720,1710,1700,1690,1640,1660,1650,1630,1620,1620,1620,1640,1660,1670,1660,1660,1660,1650,1650,1670,1680,1670,1680,1680,1700,1670,1650,1650,1650,1640
194,2300,2080,1960,1810,1770,1700,1660,1610,1610,1610,1610,1620,1620,1600,1570,1600,1600,1610,1660,1660,1710,1700,1710,1720,1730,1730,1760,1780,1800,1790,1750,1730,1700,1690,1720,1710,1700,1690,1720,1720,1700,1670,1650,1640,1650,1670,1670,1690,1710,1750,1770,1790,1790,1750,1750,1770,1800,1790,1780,1780,1800,1780,1780,1760,1730,1730,1730,1730,1710,1710,1720,1710,1700,1690,1640,1660,1650,1630,1620,1620,1620,1640,1660,1670,1660,1660,1660,1650,1650,1670,1680,1670,1680,1680,1700,1670,1650,1650,1650,1640,1660
195,2080,1960,1810,1770,1700,1660,1610,1610,1610,1610,1620,1620,1600,1570,1600,1600,1610,1660,1660,1710,1700,1710,1720,1730,1730,1760,1780,1800,1790,1750,1730,1700,1690,1720,1710,1700,1690,1720,1720,1700,1670,1650,1640,1650,1670,1670,1690,1710,1750,1770,1790,1790,1750,1750,1770,1800,1790,1780,1780,1800,1780,1780,1760,1730,1730,1730,1730,1710,1710,1720,1710,1700,1690,1640,1660,1650,1630,1620,1620,1620,1640,1660,1670,1660,1660,1660,1650,1650,1670,1680,1670,1680,1680,1700,1670,1650,1650,1650,1640,1660,1650
196,1960,1810,1770,1700,1660,1610,1610,1610,1610,1620,1620,1600,1570,1600,1600,1610,1660,1660,1710,1700,1710,1720,1730,1730,1760,1780,1800,1790,1750,1730,1700,1690,1720,1710,1700,1690,1720,1720,1700,1670,1650,1640,1650,1670,1670,1690,1710,1750,1770,1790,1790,1750,1750,1770,1800,1790,1780,1780,1800,1780,1780,1760,1730,1730,1730,1730,1710,1710,1720,1710,1700,1690,1640,1660,1650,1630,1620,1620,1620,1640,1660,1670,1660,1660,1660,1650,1650,1670,1680,1670,1680,1680,1700,1670,1650,1650,1650,1640,1660,1650,1630
197,1810,1770,1700,1660,1610,1610,1610,1610,1620,1620,1600,1570,1600,1600,1610,1660,1660,1710,1700,1710,1720,1730,1730,1760,1780,1800,1790,1750,1730,1700,1690,1720,1710,1700,1690,1720,1720,1700,1670,1650,1640,1650,1670,1670,1690,1710,1750,1770,1790,1790,1750,1750,1770,1800,1790,1780,1780,1800,1780,1780,1760,1730,1730,1730,1730,1710,1710,1720,1710,1700,1690,1640,1660,1650,1630,1620,1620,1620,1640,1660,1670,1660,1660,1660,1650,1650,1670,1680,1670,1680,1680,1700,1670,1650,1650,1650,1640,1660,1650,1630,1640
198,1770,1700,1660,1610,1610,1610,1610,1620,1620,1600,1570,1600,1600,1610,1660,1660,1710,1700,1710,1720,1730,1730,1760,1780,1800,1790,1750,1730,1700,1690,1720,1710,1700,1690,1720,1720,1700,1670,1650,1640,1650,1670,1670,1690,1710,1750,1770,1790,1790,1750,1750,1770,1800,1790,1780,1780,1800,1780,1780,1760,1730,1730,1730,1730,1710,1710,1720,1710,1700,1690,1640,1660,1650,1630,1620,1620,1620,1640,1660,1670,1660,1660,1660,1650,1650,1670,1680,1670,1680,1680,1700,1670,1650,1650,1650,1640,1660,1650,1630,1640,1660
199,1700,1660,1610,1610,1610,1610,1620,1620,1600,1570,1600,1600,1610,1660,1660,1710,1700,1710,1720,1730,1730,1760,1780,1800,1790,1750,1730,1700,1690,1720,1710,1700,1690,1720,1720,1700,1670,1650,1640,1650,1670,1670,1690,1710,1750,1770,1790,1790,1750,1750,1770,1800,1790,1780,1780,1800,1780,1780,1760,1730,1730,1730,1730,1710,1710,1720,1710,1700,1690,1640,1660,1650,1630,1620,1620,1620,1640,1660,1670,1660,1660,1660,1650,1650,1670,1680,1670,1680,1680,1700,1670,1650,1650,1650,1640,1660,1650,1630,1640,1660,1660
200,1660,1610,1610,1610,1610,1620,1620,1600,1570,1600,1600,1610,1660,1660,1710,1700,1710,1720,1730,1730,1760,1780,1800,1790,1750,1730,1700,1690,1720,1710,1700,1690,1720,1720,1700,1670,1650,1640,1650,1670,1670,1690,1710,1750,1770,1790,1790,1750,1750,1770,1800,1790,1780,1780,1800,1780,1780,1760,1730,1730,1730,1730,1710,1710,1720,1710,1700,1690,1640,1660,1650,1630,1620,1620,1620,1640,1660,1670,1660,1660,1660,1650,1650,1670,1680,1670,1680,1680,1700,1670,1650,1650,1650,1640,1660,1650,1630,1640,1660,1660,1660
201,1610,1610,1610,1610,1620,1620,1600,1570,1600,1600,1610,1660,1660,1710,1700,1710,1720,1730,1730,1760,1780,1800,1790,1750,1730,1700,1690,1720,1710,1700,1690,1720,1720,1700,1670,1650,1640,1650,1670,1670,1690,1710,1750,1770,1790,1790,1750,1750,1770,1800,1790,1780,1780,1800,1780,1780,1760,1730,1730,1730,1730,1710,1710,1720,1710,1700,1690,1640,1660,1650,1630,1620,1620,1620,1640,1660,1670,1660,1660,1660,1650,1650,1670,1680,1670,1680,1680,1700,1670,1650,1650,1650,1640,1660,1650,1630,1640,1660,1660,1660,1640
202,1610,1610,1610,1620,1620,1600,1570,1600,1600,1610,1660,1660,1710,1700,1710,1720,1730,1730,1760,1780,1800,1790,1750,1730,1700,1690,1720,1710,1700,1690,1720,1720,1700,1670,1650,1640,1650,1670,1670,1690,1710,1750,1770,1790,1790,1750,1750,1770,1800,1790,1780,1780,1800,1780,1780,1760,1730,1730,1730,1730,1710,1710,1720,1710,1700,1690,1640,1660,1650,1630,1620,1620,1620,1640,1660,1670,1660,1660,1660,1650,1650,1670,1680,1670,1680,1680,1700,1670,1650,1650,1650,1640,1660,1650,1630,1640,1660,1660,1660,1640,1610
203,1610,1610,1620,1620,1600,1570,1600,1600,1610,1660,1660,1710,1700,1710,1720,1730,1730,1760,1780,1800,1790,1750,1730,1700,1690,1720,1710,1700,1690,1720,1720,1700,1670,1650,1640,1650,1670,1670,1690,1710,1750,1770,1790,1790,1750,1750,1770,1800,1790,1780,1780,1800,1780,1780,1760,1730,1730,1730,1730,1710,1710,1720,1710,1700,1690,1640,1660,1650,1630,1620,1620,1620,1640,1660,1670,1660,1660,1660,1650,1650,1670,1680,1670,1680,1680,1700,1670,1650,1650,1650,1640,1660,1650,1630,1640,1660,1660,1660,1640,1610,1610
204,1610,1620,1620,1600,1570,1600,1600,1610,1660,1660,1710,1700,1710,1720,1730,1730,1760,1780,1800,1790,1750,1730,1700,1690,1720,1710,1700,1690,1720,1720,1700,1670,1650,1640,1650,1670,1670,1690,1710,1750,1770,1790,1790,1750,1750,1770,1800,1790,1780,1780,1800,1780,1780,1760,1730,1730,1730,1730,1710,1710,1720,1710,1700,1690,1640,1660,1650,1630,1620,1620,1620,1640,1660,1670,1660,1660,1660,1650,1650,1670,1680,1670,1680,1680,1700,1670,1650,1650,1650,1640,1660,1650,1630,1640,1660,1660,1660,1640,1610,1610,1590
205,1620,1620,1600,1570,1600,1600,1610,1660,1660,1710,1700,1710,1720,1730,1730,1760,1780,1800,1790,1750,1730,1700,1690,1720,1710,1700,1690,1720,1720,1700,1670,1650,1640,1650,1670,1670,1690,1710,1750,1770,1790,1790,1750,1750,1770,1800,1790,1780,1780,1800,1780,1780,1760,1730,1730,1730,1730,1710,1710,1720,1710,1700,1690,1640,1660,1650,1630,1620,1620,1620,1640,1660,1670,1660,1660,1660,1650,1650,1670,1680,1670,1680,1680,1700,1670,1650,1650,1650,1640,1660,1650,1630,1640,1660,1660,1660,1640,1610,1610,1590,1570
206,1620,1600,1570,1600,1600,1610,1660,1660,1710,1700,1710,1720,1730,1730,1760,1780,1800,1790,1750,1730,1700,1690,1720,1710,1700,1690,1720,1720,1700,1670,1650,1640,1650,1670,1670,1690,1710,1750,1770,1790,1790,1750,1750,1770,1800,1790,1780,1780,1800,1780,1780,1760,1730,1730,1730,1730,1710,1710,1720,1710,1700,1690,1640,1660,1650,1630,1620,1620,1620,1640,1660,1670,1660,1660,1660,1650,1650,1670,1680,1670,1680,1680,1700,1670,1650,1650,1650,1640,1660,1650,1630,1640,1660,1660,1660,1640,1610,1610,1590,1570,1550
207,1600,1570,1600,1600,1610,1660,1660,1710,1700,1710,1720,1730,1730,1760,1780,1800,1790,1750,1730,1700,1690,1720,1710,1700,1690,1720,1720,1700,1670,1650,1640,1650,1670,1670,1690,1710,1750,1770,1790,1790,1750,1750,1770,1800,1790,1780,1780,1800,1780,1780,1760,1730,1730,1730,1730,1710,1710,1720,1710,1700,1690,1640,1660,1650,1630,1620,1620,1620,1640,1660,1670,1660,1660,1660,1650,1650,1670,1680,1670,1680,1680,1700,1670,1650,1650,1650,1640,1660,1650,1630,1640,1660,1660,1660,1640,1610,1610,1590,1570,1550,1550
208,1570,1600,1600,1610,1660,1660,1710,1700,1710,1720,1730,1730,1760,1780,1800,1790,1750,1730,1700,1690,1720,1710,1700,1690,1720,1720,1700,1670,1650,1640,1650,1670,1670,1690,1710,1750,1770,1790,1790,1750,1750,1770,1800,1790,1780,1780,1800,1780,1780,1760,1730,1730,1730,1730,1710,1710,1720,1710,1700,1690,1640,1660,1650,1630,1620,1620,1620,1640,1660,1670,1660,1660,1660,1650,1650,1670,1680,1670,1680,1680,1700,1670,1650,1650,1650,1640,1660,1650,1630,1640,1660,1660,1660,1640,1610,1610,1590,1570,1550,1550,1530
209,1600,1600,1610,1660,1660,1710,1700,1710,1720,1730,1730,1760,1780,1800,1790,1750,1730,1700,1690,1720,1710,1700,1690,1720,1720,1700,1670,1650,1640,1650,1670,1670,1690,1710,1750,1770,1790,1790,1750,1750,1770,1800,1790,1780,1780,1800,1780,1780,1760,1730,1730,1730,1730,1710,1710,1720,1710,1700,1690,1640,1660,1650,1630,1620,1620,1620,1640,1660,1670,1660,1660,1660,1650,1650,1670,1680,1670,1680,1680,1700,1670,1650,1650,1650,1640,1660,1650,1630,1640,1660,1660,1660,1640,1610,1610,1590,1570,1550,1550,1530,1500
210,1600,1610,1660,1660,1710,1700,1710,1720,1730,1730,1760,1780,1800,1790,1750,1730,1700,1690,1720,1710,1700,1690,1720,1720,1700,1670,1650,1640,1650,1670,1670,1690,1710,1750,1770,1790,1790,1750,1750,1770,1800,1790,1780,1780,1800,1780,1780,1760,1730,1730,1730,1730,1710,1710,1720,1710,1700,1690,1640,1660,1650,1630,1620,1620,1620,1640,1660,1670,1660,1660,1660,1650,1650,1670,1680,1670,1680,1680,1700,1670,1650,1650,1650,1640,1660,1650,1630,1640,1660,1660,1660,1640,1610,1610,1590,1570,1550,1550,1530,1500,1450
211,1610,1660,1660,1710,1700,1710,1720,1730,1730,1760,1780,1800,1790,1750,1730,1700,1690,1720,1710,1700,1690,1720,1720,1700,1670,1650,1640,1650,1670,1670,1690,1710,1750,1770,1790,1790,1750,1750,1770,1800,1790,1780,1780,1800,1780,1780,1760,1730,1730,1730,1730,1710,1710,1720,1710,1700,1690,1640,1660,1650,1630,1620,1620,1620,1640,1660,1670,1660,1660,1660,1650,1650,1670,1680,1670,1680,1680,1700,1670,1650,1650,1650,1640,1660,1650,1630,1640,1660,1660,1660,1640,1610,1610,1590,1570,1550,1550,1530,1500,1450,1450
212,1660,1660,1710,1700,1710,1720,1730,1730,1760,1780,1800,1790,1750,1730,1700,1690,1720,1710,1700,1690,1720,1720,1700,1670,1650,1640,1650,1670,1670,1690,1710,1750,1770,1790,1790,1750,1750,1770,1800,1790,1780,1780,1800,1780,1780,1760,1730,1730,1730,1730,1710,1710,1720,1710,1700,1690,1640,1660,1650,1630,1620,1620,1620,1640,1660,1670,1660,1660,1660,1650,1650,1670,1680,1670,1680,1680,1700,1670,1650,1650,1650,1640,1660,1650,1630,1640,1660,1660,1660,1640,1610,1610,1590,1570,1550,1550,1530,1500,1450,1450,1450
213,1660,1710,1700,1710,1720,1730,1730,1760,1780,1800,1790,1750,1730,1700,1690,1720,1710,1700,1690,1720,1720,1700,1670,1650,1640,1650,1670,1670,1690,1710,1750,1770,1790,1790,1750,1750,1770,1800,1790,1780,1780,1800,1780,1780,1760,1730,1730,1730,1730,1710,1710,1720,1710,1700,1690,1640,1660,1650,1630,1620,1620,1620,1640,1660,1670,1660,1660,1660,1650,1650,1670,1680,1670,1680,1680,1700,1670,1650,1650,1650,1640,1660,1650,1630,1640,1660,1660,1660,1640,1610,1610,1590,1570,1550,1550,1530,1500,1450,1450,1450,1430
214,1710,1700,1710,1720,1730,1730,1760,1780,1800,1790,1750,1730,1700,1690,1720,1710,1700,1690,1720,1720,1700,1670,1650,1640,1650,1670,1670,1690,1710,1750,1770,1790,1790,1750,1750,1770,1800,1790,1780,1780,1800,1780,1780,1760,1730,1730,1730,1730,1710,1710,1720,1710,1700,1690,1640,1660,1650,1630,1620,1620,1620,1640,1660,1670,1660,1660,1660,1650,1650,1670,1680,1670,1680,1680,1700,1670,1650,1650,1650,1640,1660,1650,1630,1640,1660,1660,1660,1640,1610,1610,1590,1570,1550,1550,1530,1500,1450,1450,1450,1430,1400
215,1700,1710,1720,1730,1730,1760,1780,1800,1790,1750,1730,1700,1690,1720,1710,1700,1690,1720,1720,1700,1670,1650,1640,1650,1670,1670,1690,1710,1750,1770,1790,1790,1750,1750,1770,1800,1790,1780,1780,1800,1780,1780,1760,1730,1730,1730,1730,1710,1710,1720,1710,1700,1690,1640,1660,1650,1630,1620,1620,1620,1640,1660,1670,1660,1660,1660,1650,1650,1670,1680,1670,1680,1680,1700,1670,1650,1650,1650,1640,1660,1650,1630,1640,1660,1660,1660,1640,1610,1610,1590,1570,1550,1550,1530,1500,1450,1450,1450,1430,1400,1370
216,1710,1720,1730,1730,1760,1780,1800,1790,1750,1730,1700,1690,1720,1710,1700,1690,1720,1720,1700,1670,1650,1640,1650,1670,1670,1690,1710,1750,1770,1790,1790,1750,1750,1770,1800,1790,1780,1780,1800,1780,1780,1760,1730,1730,1730,1730,1710,1710,1720,1710,1700,1690,1640,1660,1650,1630,1620,1620,1620,1640,1660,1670,1660,1660,1660,1650,1650,1670,1680,1670,1680,1680,1700,1670,1650,1650,1650,1640,1660,1650,1630,1640,1660,1660,1660,1640,1610,1610,1590,1570,1550,1550,1530,1500,1450,1450,1450,1430,1400,1370,1350
217,1720,1730,1730,1760,1780,1800,1790,1750,1730,1700,1690,1720,1710,1700,1690,1720,1720,1700,1670,1650,1640,1650,1670,1670,1690,1710,1750,1770,1790,1790,1750,1750,1770,1800,1790,1780,1780,1800,1780,1780,1760,1730,1730,1730,1730,1710,1710,1720,1710,1700,1690,1640,1660,1650,1630,1620,1620,1620,1640,1660,1670,1660,1660,1660,1650,1650,1670,1680,1670,1680,1680,1700,1670,1650,1650,1650,1640,1660,1650,1630,1640,1660,1660,1660,1640,1610,1610,1590,1570,1550,1550,1530,1500,1450,1450,1450,1430,1400,1370,1350,1320
218,1730,1730,1760,1780,1800,1790,1750,1730,1700,1690,1720,1710,1700,1690,1720,1720,1700,1670,1650,1640,1650,1670,1670,1690,1710,1750,1770,1790,1790,1750,1750,1770,1800,1790,1780,1780,1800,1780,1780,1760,1730,1730,1730,1730,1710,1710,1720,1710,1700,1690,1640,1660,1650,1630,1620,1620,1620,1640,1660,1670,1660,1660,1660,1650,1650,1670,1680,1670,1680,1680,1700,1670,1650,1650,1650,1640,1660,1650,1630,1640,1660,1660,1660,1640,1610,1610,1590,1570,1550,1550,1530,1500,1450,1450,1450,1430,1400,1370,1350,1320,1310
219,1730,1760,1780,1800,1790,1750,1730,1700,1690,1720,1710,1700,1690,1720,1720,1700,1670,1650,1640,1650,1670,1670,1690,1710,1750,1770,1790,1790,1750,1750,1770,1800,1790,1780,1780,1800,1780,1780,1760,1730,1730,1730,1730,1710,1710,1720,1710,1700,1690,1640,1660,1650,1630,1620,1620,1620,1640,1660,1670,1660,1660,1660,1650,1650,1670,1680,1670,1680,1680,1700,1670,1650,1650,1650,1640,1660,1650,1630,1640,1660,1660,1660,1640,1610,1610,1590,1570,1550,1550,1530,1500,1450,1450,1450,1430,1400,1370,1350,1320,1310,1290
220,1760,1780,1800,1790,1750,1730,1700,1690,1720,1710,1700,1690,1720,1720,1700,1670,1650,1640,1650,1670,1670,1690,1710,1750,1770,1790,1790,1750,1750,1770,1800,1790,1780,1780,1800,1780,1780,1760,1730,1730,1730,1730,1710,1710,1720,1710,1700,1690,1640,1660,1650,1630,1620,1620,1620,1640,1660,1670,1660,1660,1660,1650,1650,1670,1680,1670,1680,1680,1700,1670,1650,1650,1650,1640,1660,1650,1630,1640,1660,1660,1660,1640,1610,1610,1590,1570,1550,1550,1530,1500,1450,1450,1450,1430,1400,1370,1350,1320,1310,1290,1260
221,1780,1800,1790,1750,1730,1700,1690,1720,1710,1700,1690,1720,1720,1700,1670,1650,1640,1650,1670,1670,1690,1710,1750,1770,1790,1790,1750,1750,1770,1800,1790,1780,1780,1800,1780,1780,1760,1730,1730,1730,1730,1710,1710,1720,1710,1700,1690,1640,1660,1650,1630,1620,1620,1620,1640,1660,1670,1660,1660,1660,1650,1650,1670,1680,1670,1680,1680,1700,1670,1650,1650,1650,1640,1660,1650,1630,1640,1660,1660,1660,1640,1610,1610,1590,1570,1550,1550,1530,1500,1450,1450,1450,1430,1400,1370,1350,1320,1310,1290,1260,1240
222,1800,1790,1750,1730,1700,1690,1720,1710,1700,1690,1720,1720,1700,1670,1650,1640,1650,1670,1670,1690,1710,1750,1770,1790,1790,1750,1750,1770,1800,1790,1780,1780,1800,1780,1780,1760,1730,1730,1730,1730,1710,1710,1720,1710,1700,1690,1640,1660,1650,1630,1620,1620,1620,1640,1660,1670,1660,1660,1660,1650,1650,1670,1680,1670,1680,1680,1700,1670,1650,1650,1650,1640,1660,1650,1630,1640,1660,1660,1660,1640,1610,1610,1590,1570,1550,1550,1530,1500,1450,1450,1450,1430,1400,1370,1350,1320,1310,1290,1260,1240,1240
223,1790,1750,1730,1700,1690,1720,1710,1700,1690,1720,1720,1700,1670,1650,1640,1650,1670,1670,1690,1710,1750,1770,1790,1790,1750,1750,1770,1800,1790,1780,1780,1800,1780,1780,1760,1730,1730,1730,1730,1710,1710,1720,1710,1700,1690,1640,1660,1650,1630,1620,1620,1620,1640,1660,1670,1660,1660,1660,1650,1650,1670,1680,1670,1680,1680,1700,1670,1650,1650,1650,1640,1660,1650,1630,1640,1660,1660,1660,1640,1610,1610,1590,1570,1550,1550,1530,1500,1450,1450,1450,1430,1400,1370,1350,1320,1310,1290,1260,1240,1240,1240
224,1750,1730,1700,1690,1720,1710,1700,1690,1720,1720,1700,1670,1650,1640,1650,1670,1670,1690,1710,1750,1770,1790,1790,1750,1750,1770,1800,1790,1780,1780,1800,1780,1780,1760,1730,1730,1730,1730,1710,1710,1720,1710,1700,1690,1640,1660,1650,1630,1620,1620,1620,1640,1660,1670,1660,1660,1660,1650,1650,1670,1680,1670,1680,1680,1700,1670,1650,1650,1650,1640,1660,1650,1630,1640,1660,1660,1660,1640,1610,1610,1590,1570,1550,1550,1530,1500,1450,1450,1450,1430,1400,1370,1350,1320,1310,1290,1260,1240,1240,1240,1230
225,1730,1700,1690,1720,1710,1700,1690,1720,1720,1700,1670,1650,1640,1650,1670,1670,1690,1710,1750,1770,1790,1790,1750,1750,1770,1800,1790,1780,1780,1800,1780,1780,1760,1730,1730,1730,1730,1710,1710,1720,1710,1700,1690,1640,1660,1650,1630,1620,1620,1620,1640,1660,1670,1660,1660,1660,1650,1650,1670,1680,1670,1680,1680,1700,1670,1650,1650,1650,1640,1660,1650,1630,1640,1660,1660,1660,1640,1610,1610,1590,1570,1550,1550,1530,1500,1450,1450,1450,1430,1400,1370,1350,1320,1310,1290,1260,1240,1240,1240,1230,1210
226,1700,1690,1720,1710,1700,1690,1720,1720,1700,1670,1650,1640,1650,1670,1670,1690,1710,1750,1770,1790,1790,1750,1750,1770,1800,1790,1780,1780,1800,1780,1780,1760,1730,1730,1730,1730,1710,1710,1720,1710,1700,1690,1640,1660,1650,1630,1620,1620,1620,1640,1660,1670,1660,1660,1660,1650,1650,1670,1680,1670,1680,1680,1700,1670,1650,1650,1650,1640,1660,1650,1630,1640,1660,1660,1660,1640,1610,1610,1590,1570,1550,1550,1530,1500,1450,1450,1450,1430,1400,1370,1350,1320,1310,1290,1260,1240,1240,1240,1230,1210,1210
227,1690,1720,1710,1700,1690,1720,1720,1700,1670,1650,1640,1650,1670,1670,1690,1710,1750,1770,1790,1790,1750,1750,1770,1800,1790,1780,1780,1800,1780,1780,1760,1730,1730,1730,1730,1710,1710,1720,1710,1700,1690,1640,1660,1650,1630,1620,1620,1620,1640,1660,1670,1660,1660,1660,1650,1650,1670,1680,1670,1680,1680,1700,1670,1650,1650,1650,1640,1660,1650,1630,1640,1660,1660,1660,1640,1610,1610,1590,1570,1550,1550,1530,1500,1450,1450,1450,1430,1400,1370,1350,1320,1310,1290,1260,1240,1240,1240,1230,1210,1210,1180
228,1720,1710,1700,1690,1720,1720,1700,1670,1650,1640,1650,1670,1670,1690,1710,1750,1770,1790,1790,1750,1750,1770,1800,1790,1780,1780,1800,1780,1780,1760,1730,1730,1730,1730,1710,1710,1720,1710,1700,1690,1640,1660,1650,1630,1620,1620,1620,1640,1660,1670,1660,1660,1660,1650,1650,1670,1680,1670,1680,1680,1700,1670,1650,1650,1650,1640,1660,1650,1630,1640,1660,1660,1660,1640,1610,1610,1590,1570,1550,1550,1530,1500,1450,1450,1450,1430,1400,1370,1350,1320,1310,1290,1260,1240,1240,1240,1230,1210,1210,1180,1160
229,1710,1700,1690,1720,1720,1700,1670,1650,1640,1650,1670,1670,1690,1710,1750,1770,1790,1790,1750,1750,1770,1800,1790,1780,1780,1800,1780,1780,1760,1730,1730,1730,1730,1710,1710,1720,1710,1700,1690,1640,1660,1650,1630,1620,1620,1620,1640,1660,1670,1660,1660,1660,1650,1650,1670,1680,1670,1680,1680,1700,1670,1650,1650,1650,1640,1660,1650,1630,1640,1660,1660,1660,1640,1610,1610,1590,1570,1550,1550,1530,1500,1450,1450,1450,1430,1400,1370,1350,1320,1310,1290,1260,1240,1240,1240,1230,1210,1210,1180,1160,1140
230,1700,1690,1720,1720,1700,1670,1650,1640,1650,1670,1670,1690,1710,1750,1770,1790,1790,1750,1750,1770,1800,1790,1780,1780,1800,1780,1780,1760,1730,1730,1730,1730,1710,1710,1720,1710,1700,1690,1640,1660,1650,1630,1620,1620,1620,1640,1660,1670,1660,1660,1660,1650,1650,1670,1680,1670,1680,1680,1700,1670,1650,1650,1650,1640,1660,1650,1630,1640,1660,1660,1660,1640,1610,1610,1590,1570,1550,1550,1530,1500,1450,1450,1450,1430,1400,1370,1350,1320,1310,1290,1260,1240,1240,1240,1230,1210,1210,1180,1160,1140,1140
231,1690,1720,1720,1700,1670,1650,1640,1650,1670,1670,1690,1710,1750,1770,1790,1790,1750,1750,1770,1800,1790,1780,1780,1800,1780,1780,1760,1730,1730,1730,1730,1710,1710,1720,1710,1700,1690,1640,1660,1650,1630,1620,1620,1620,1640,1660,1670,1660,1660,1660,1650,1650,1670,1680,1670,1680,1680,1700,1670,1650,1650,1650,1640,1660,1650,1630,1640,1660,1660,1660,1640,1610,1610,1590,1570,1550,1550,1530,1500,1450,1450,1450,1430,1400,1370,1350,1320,1310,1290,1260,1240,1240,1240,1230,1210,1210,1180,1160,1140,1140,1130
232,1720,1720,1700,1670,1650,1640,1650,1670,1670,1690,1710,1750,1770,1790,1790,1750,1750,1770,1800,1790,1780,1780,1800,1780,1780,1760,1730,1730,1730,1730,1710,1710,1720,1710,1700,1690,1640,1660,1650,1630,1620,1620,1620,1640,1660,1670,1660,1660,1660,1650,1650,1670,1680,1670,1680,1680,1700,1670,1650,1650,1650,1640,1660,1650,1630,1640,1660,1660,1660,1640,1610,1610,1590,1570,1550,1550,1530,1500,1450,1450,1450,1430,1400,1370,1350,1320,1310,1290,1260,1240,1240,1240,1230,1210,1210,1180,1160,1140,1140,1130,1110
233,1720,1700,1670,1650,1640,1650,1670,1670,1690,1710,1750,1770,1790,1790,1750,1750,1770,1800,1790,1780,1780,1800,1780,1780,1760,1730,1730,1730,1730,1710,1710,1720,1710,1700,1690,1640,1660,1650,1630,1620,1620,1620,1640,1660,1670,1660,1660,1660,1650,1650,1670,1680,1670,1680,1680,1700,1670,1650,1650,1650,1640,1660,1650,1630,1640,1660,1660,1660,1640,1610,1610,1590,1570,1550,1550,1530,1500,1450,1450,1450,1430,1400,1370,1350,1320,1310,1290,1260,1240,1240,1240,1230,1210,1210,1180,1160,1140,1140,1130,1110,1100
234,1700,1670,1650,1640,1650,1670,1670,1690,1710,1750,1770,1790,1790,1750,1750,1770,1800,1790,1780,1780,1800,1780,1780,1760,1730,1730,1730,1730,1710,1710,1720,1710,1700,1690,1640,1660,1650,1630,1620,1620,1620,1640,1660,1670,1660,1660,1660,1650,1650,1670,1680,1670,1680,1680,1700,1670,1650,1650,1650,1640,1660,1650,1630,1640,1660,1660,1660,1640,1610,1610,1590,1570,1550,1550,1530,1500,1450,1450,1450,1430,1400,1370,1350,1320,1310,1290,1260,1240,1240,1240,1230,1210,1210,1180,1160,1140,1140,1130,1110,1100,1110
235,1670,1650,1640,1650,1670,1670,1690,1710,1750,1770,1790,1790,1750,1750,1770,1800,1790,1780,1780,1800,1780,1780,1760,1730,1730,1730,1730,1710,1710,1720,1710,1700,1690,1640,1660,1650,1630,1620,1620,1620,1640,1660,1670,1660,1660,1660,1650,1650,1670,1680,1670,1680,1680,1700,1670,1650,1650,1650,1640,1660,1650,1630,1640,1660,1660,1660,1640,1610,1610,1590,1570,1550,1550,1530,1500,1450,1450,1450,1430,1400,1370,1350,1320,1310,1290,1260,1240,1240,1240,1230,1210,1210,1180,1160,1140,1140,1130,1110,1100,1110,1120
236,1650,1640,1650,1670,1670,1690,1710,1750,1770,1790,1790,1750,1750,1770,1800,1790,1780,1780,1800,1780,1780,1760,1730,1730,1730,1730,1710,1710,1720,1710,1700,1690,1640,1660,1650,1630,1620,1620,1620,1640,1660,1670,1660,1660,1660,1650,1650,1670,1680,1670,1680,1680,1700,1670,1650,1650,1650,1640,1660,1650,1630,1640,1660,1660,1660,1640,1610,1610,1590,1570,1550,1550,1530,1500,1450,1450,1450,1430,1400,1370,1350,1320,1310,1290,1260,1240,1240,1240,1230,1210,1210,1180,1160,1140,1140,1130,1110,1100,1110,1120,1130
237,1640,1650,1670,1670,1690,1710,1750,1770,1790,1790,1750,1750,1770,1800,1790,1780,1780,1800,1780,1780,1760,1730,1730,1730,1730,1710,1710,1720,1710,1700,1690,1640,1660,1650,1630,1620,1620,1620,1640,1660,1670,1660,1660,1660,1650,1650,1670,1680,1670,1680,1680,1700,1670,1650,1650,1650,1640,1660,1650,1630,1640,1660,1660,1660,1640,1610,1610,1590,1570,1550,1550,1530,1500,1450,1450,1450,1430,1400,1370,1350,1320,1310,1290,1260,1240,1240,1240,1230,1210,1210,1180,1160,1140,1140,1130,1110,1100,1110,1120,1130,1110
238,1650,1670,1670,1690,1710,1750,1770,1790,1790,1750,1750,1770,1800,1790,1780,1780,1800,1780,1780,1760,1730,1730,1730,1730,1710,1710,1720,1710,1700,1690,1640,1660,1650,1630,1620,1620,1620,1640,1660,1670,1660,1660,1660,1650,1650,1670,1680,1670,1680,1680,1700,1670,1650,1650,1650,1640,1660,1650,1630,1640,1660,1660,1660,1640,1610,1610,1590,1570,1550,1550,1530,1500,1450,1450,1450,1430,1400,1370,1350,1320,1310,1290,1260,1240,1240,1240,1230,1210,1210,1180,1160,1140,1140,1130,1110,1100,1110,1120,1130,1110,1100
239,1670,1670,1690,1710,1750,1770,1790,1790,1750,1750,1770,1800,1790,1780,1780,1800,1780,1780,1760,1730,1730,1730,1730,1710,1710,1720,1710,1700,1690,1640,1660,1650,1630,1620,1620,1620,1640,1660,1670,1660,1660,1660,1650,1650,1670,1680,1670,1680,1680,1700,1670,1650,1650,1650,1640,1660,1650,1630,1640,1660,1660,1660,1640,1610,1610,1590,1570,1550,1550,1530,1500,1450,1450,1450,1430,1400,1370,1350,1320,1310,1290,1260,1240,1240,1240,1230,1210,1210,1180,1160,1140,1140,1130,1110,1100,1110,1120,1130,1110,1100,1080
240,1670,1690,1710,1750,1770,1790,1790,1750,1750,1770,1800,1790,1780,1780,1800,1780,1780,1760,1730,1730,1730,1730,1710,1710,1720,1710,1700,1690,1640,1660,1650,1630,1620,1620,1620,1640,1660,1670,1660,1660,1660,1650,1650,1670,1680,1670,1680,1680,1700,1670,1650,1650,1650,1640,1660,1650,1630,1640,1660,1660,1660,1640,1610,1610,1590,1570,1550,1550,1530,1500,1450,1450,1450,1430,1400,1370,1350,1320,1310,1290,1260,1240,1240,1240,1230,1210,1210,1180,1160,1140,1140,1130,1110,1100,1110,1120,1130,1110,1100,1080,1050
241,1690,1710,1750,1770,1790,1790,1750,1750,1770,1800,1790,1780,1780,1800,1780,1780,1760,1730,1730,1730,1730,1710,1710,1720,1710,1700,1690,1640,1660,1650,1630,1620,1620,1620,1640,1660,1670,1660,1660,1660,1650,1650,1670,1680,1670,1680,1680,1700,1670,1650,1650,1650,1640,1660,1650,1630,1640,1660,1660,1660,1640,1610,1610,1590,1570,1550,1550,1530,1500,1450,1450,1450,1430,1400,1370,1350,1320,1310,1290,1260,1240,1240,1240,1230,1210,1210,1180,1160,1140,1140,1130,1110,1100,1110,1120,1130,1110,1100,1080,1050,1030
242,1710,1750,1770,1790,1790,1750,1750,1770,1800,1790,1780,1780,1800,1780,1780,1760,1730,1730,1730,1730,1710,1710,1720,1710,1700,1690,1640,1660,1650,1630,1620,1620,1620,1640,1660,1670,1660,1660,1660,1650,1650,1670,1680,1670,1680,1680,1700,1670,1650,1650,1650,1640,1660,1650,1630,1640,1660,1660,1660,1640,1610,1610,1590,1570,1550,1550,1530,1500,1450,1450,1450,1430,1400,1370,1350,1320,1310,1290,1260,1240,1240,1240,1230,1210,1210,1180,1160,1140,1140,1130,1110,1100,1110,1120,1130,1110,1100,1080,1050,1030,1040
243,1750,1770,1790,1790,1750,1750,1770,1800,1790,1780,1780,1800,1780,1780,1760,1730,1730,1730,1730,1710,1710,1720,1710,1700,1690,1640,1660,1650,1630,1620,1620,1620,1640,1660,1670,1660,1660,1660,1650,1650,1670,1680,1670,1680,1680,1700,1670,1650,1650,1650,1640,1660,1650,1630,1640,1660,1660,1660,1640,1610,1610,1590,1570,1550,1550,1530,1500,1450,1450,1450,1430,1400,1370,1350,1320,1310,1290,1260,1240,1240,1240,1230,1210,1210,1180,1160,1140,1140,1130,1110,1100,1110,1120,1130,1110,1100,1080,1050,1030,1040,1040
244,1770,1790,1790,1750,1750,1770,1800,1790,1780,1780,1800,1780,1780,1760,1730,1730,1730,1730,1710,1710,1720,1710,1700,1690,1640,1660,1650,1630,1620,1620,1620,1640,1660,1670,1660,1660,1660,1650,1650,1670,1680,1670,1680,1680,1700,1670,1650,1650,1650,1640,1660,1650,1630,1640,1660,1660,1660,1640,1610,1610,1590,1570,1550,1550,1530,1500,1450,1450,1450,1430,1400,1370,1350,1320,1310,1290,1260,1240,1240,1240,1230,1210,1210,1180,1160,1140,1140,1130,1110,1100,1110,1120,1130,1110,1100,1080,1050,1030,1040,1040,1080
245,1790,1790,1750,1750,1770,1800,1790,1780,1780,1800,1780,1780,1760,1730,1730,1730,1730,1710,1710,1720,1710,1700,1690,1640,1660,1650,1630,1620,1620,1620,1640,1660,1670,1660,1660,1660,1650,1650,1670,1680,1670,1680,1680,1700,1670,1650,1650,1650,1640,1660,1650,1630,1640,1660,1660,1660,1640,1610,1610,1590,1570,1550,1550,1530,1500,1450,1450,1450,1430,1400,1370,1350,1320,1310,1290,1260,1240,1240,1240,1230,1210,1210,1180,1160,1140,1140,1130,1110,1100,1110,1120,1130,1110,1100,1080,1050,1030,1040,1040,1080,1120
246,1790,1750,1750,1770,1800,1790,1780,1780,1800,1780,1780,1760,1730,1730,1730,1730,1710,1710,1720,1710,1700,1690,1640,1660,1650,1630,1620,1620,1620,1640,1660,1670,1660,1660,1660,1650,1650,1670,1680,1670,1680,1680,1700,1670,1650,1650,1650,1640,1660,1650,1630,1640,1660,1660,1660,1640,1610,1610,1590,1570,1550,1550,1530,1500,1450,1450,1450,1430,1400,1370,1350,1320,1310,1290,1260,1240,1240,1240,1230,1210,1210,1180,1160,1140,1140,1130,1110,1100,1110,1120,1130,1110,1100,1080,1050,1030,1040,1040,1080,1120,1190
247,1750,1750,1770,1800,1790,1780,1780,1800,1780,1780,1760,1730,1730,1730,1730,1710,1710,1720,1710,1700,1690,1640,1660,1650,1630,1620,1620,1620,1640,1660,1670,1660,1660,1660,1650,1650,1670,1680,1670,1680,1680,1700,1670,1650,1650,1650,1640,1660,1650,1630,1640,1660,1660,1660,1640,1610,1610,1590,1570,1550,1550,1530,1500,1450,1450,1450,1430,1400,1370,1350,1320,1310,1290,1260,1240,1240,1240,1230,1210,1210,1180,1160,1140,1140,1130,1110,1100,1110,1120,1130,1110,1100,1080,1050,1030,1040,1040,1080,1120,1190,1200
248,1750,1770,1800,1790,1780,1780,1800,1780,1780,1760,1730,1730,1730,1730,1710,1710,1720,1710,1700,1690,1640,1660,1650,1630,1620,1620,1620,1640,1660,1670,1660,1660,1660,1650,1650,1670,1680,1670,1680,1680,1700,1670,1650,1650,1650,1640,1660,1650,1630,1640,1660,1660,1660,1640,1610,1610,1590,1570,1550,1550,1530,1500,1450,1450,1450,1430,1400,1370,1350,1320,1310,1290,1260,1240,1240,1240,1230,1210,1210,1180,1160,1140,1140,1130,1110,1100,1110,1120,1130,1110,1100,1080,1050,1030,1040,1040,1080,1120,1190,1200,1220
249,1770,1800,1790,1780,1780,1800,1780,1780,1760,1730,1730,1730,1730,1710,1710,1720,1710,1700,1690,1640,1660,1650,1630,1620,1620,1620,1640,1660,1670,1660,1660,1660,1650,1650,1670,1680,1670,1680,1680,1700,1670,1650,1650,1650,1640,1660,1650,1630,1640,1660,1660,1660,1640,1610,1610,1590,1570,1550,1550,1530,1500,1450,1450,1450,1430,1400,1370,1350,1320,1310,1290,1260,1240,1240,1240,1230,1210,1210,1180,1160,1140,1140,1130,1110,1100,1110,1120,1130,1110,1100,1080,1050,1030,1040,1040,1080,1120,1190,1200,1220,1230
250,1800,1790,1780,1780,1800,1780,1780,1760,1730,1730,1730,1730,1710,1710,1720,1710,1700,1690,1640,1660,1650,1630,1620,1620,1620,1640,1660,1670,1660,1660,1660,1650,1650,1670,1680,1670,1680,1680,1700,1670,1650,1650,1650,1640,1660,1650,1630,1640,1660,1660,1660,1640,1610,1610,1590,1570,1550,1550,1530,1500,1450,1450,1450,1430,1400,1370,1350,1320,1310,1290,1260,1240,1240,1240,1230,1210,1210,1180,1160,1140,1140,1130,1110,1100,1110,1120,1130,1110,1100,1080,1050,1030,1040,1040,1080,1120,1190,1200,1220,1230,1230
251,1790,1780,1780,1800,1780,1780,1760,1730,1730,1730,1730,1710,1710,1720,1710,1700,1690,1640,1660,1650,1630,1620,1620,1620,1640,1660,1670,1660,1660,1660,1650,1650,1670,1680,1670,1680,1680,1700,1670,1650,1650,1650,1640,1660,1650,1630,1640,1660,1660,1660,1640,1610,1610,1590,1570,1550,1550,1530,1500,1450,1450,1450,1430,1400,1370,1350,1320,1310,1290,1260,1240,1240,1240,1230,1210,1210,1180,1160,1140,1140,1130,1110,1100,1110,1120,1130,1110,1100,1080,1050,1030,1040,1040,1080,1120,1190,1200,1220,1230,1230,1220
252,1780,1780,1800,1780,1780,1760,1730,1730,1730,1730,1710,1710,1720,1710,1700,1690,1640,1660,1650,1630,1620,1620,1620,1640,1660,1670,1660,1660,1660,1650,1650,1670,1680,1670,1680,1680,1700,1670,1650,1650,1650,1640,1660,1650,1630,1640,1660,1660,1660,1640,1610,1610,1590,1570,1550,1550,1530,1500,1450,1450,1450,1430,1400,1370,1350,1320,1310,1290,1260,1240,1240,1240,1230,1210,1210,1180,1160,1140,1140,1130,1110,1100,1110,1120,1130,1110,1100,1080,1050,1030,1040,1040,1080,1120,1190,1200,1220,1230,1230,1220,1240
253,1780,1800,1780,1780,1760,1730,1730,1730,1730,1710,1710,1720,1710,1700,1690,1640,1660,1650,1630,1620,1620,1620,1640,1660,1670,1660,1660,1660,1650,1650,1670,1680,1670,1680,1680,1700,1670,1650,1650,1650,1640,1660,1650,1630,1640,1660,1660,1660,1640,1610,1610,1590,1570,1550,1550,1530,1500,1450,1450,1450,1430,1400,1370,1350,1320,1310,1290,1260,1240,1240,1240,1230,1210,1210,1180,1160,1140,1140,1130,1110,1100,1110,1120,1130,1110,1100,1080,1050,1030,1040,1040,1080,1120,1190,1200,1220,1230,1230,1220,1240,1270
254,1800,1780,1780,1760,1730,1730,1730,1730,1710,1710,1720,1710,1700,1690,1640,1660,1650,1630,1620,1620,1620,1640,1660,1670,1660,1660,1660,1650,1650,1670,1680,1670,1680,1680,1700,1670,1650,1650,1650,1640,1660,1650,1630,1640,1660,1660,1660,1640,1610,1610,1590,1570,1550,1550,1530,1500,1450,1450,1450,1430,1400,1370,1350,1320,1310,1290,1260,1240,1240,1240,1230,1210,1210,1180,1160,1140,1140,1130,1110,1100,1110,1120,1130,1110,1100,1080,1050,1030,1040,1040,1080,1120,1190,1200,1220,1230,1230,1220,1240,1270,1270
255,1780,1780,1760,1730,1730,1730,1730,1710,1710,1720,1710,1700,1690,1640,1660,1650,1630,1620,1620,1620,1640,1660,1670,1660,1660,1660,1650,1650,1670,1680,1670,1680,1680,1700,1670,1650,1650,1650,1640,1660,1650,1630,1640,1660,1660,1660,1640,1610,1610,1590,1570,1550,1550,1530,1500,1450,1450,1450,1430,1400,1370,1350,1320,1310,1290,1260,1240,1240,1240,1230,1210,1210,1180,1160,1140,1140,1130,1110,1100,1110,1120,1130,1110,1100,1080,1050,1030,1040,1040,1080,1120,1190,1200,1220,1230,1230,1220,1240,1270,1270,1270
256,1780,1760,1730,1730,1730,1730,1710,1710,1720,1710,1700,1690,1640,1660,1650,1630,1620,1620,1620,1640,1660,1670,1660,1660,1660,1650,1650,1670,1680,1670,1680,1680,1700,1670,1650,1650,1650,1640,1660,1650,1630,1640,1660,1660,1660,1640,1610,1610,1590,1570,1550,1550,1530,1500,1450,1450,1450,1430,1400,1370,1350,1320,1310,1290,1260,1240,1240,1240,1230,1210,1210,1180,1160,1140,1140,1130,1110,1100,1110,1120,1130,1110,1100,1080,1050,1030,1040,1040,1080,1120,1190,1200,1220,1230,1230,1220,1240,1270,1270,1270,1270
257,1760,1730,1730,1730,1730,1710,1710,1720,1710,1700,1690,1640,1660,1650,1630,1620,1620,1620,1640,1660,1670,1660,1660,1660,1650,1650,1670,1680,1670,1680,1680,1700,1670,1650,1650,1650,1640,1660,1650,1630,1640,1660,1660,1660,1640,1610,1610,1590,1570,1550,1550,1530,1500,1450,1450,1450,1430,1400,1370,1350,1320,1310,1290,1260,1240,1240,1240,1230,1210,1210,1180,1160,1140,1140,1130,1110,1100,1110,1120,1130,1110,1100,1080,1050,1030,1040,1040,1080,1120,1190,1200,1220,1230,1230,1220,1240,1270,1270,1270,1270,1290
258,1730,1730,1730,1730,1710,1710,1720,1710,1700,1690,1640,1660,1650,1630,1620,1620,1620,1640,1660,1670,1660,1660,1660,1650,1650,1670,1680,1670,1680,1680,1700,1670,1650,1650,1650,1640,1660,1650,1630,1640,1660,1660,1660,1640,1610,1610,1590,1570,1550,1550,1530,1500,1450,1450,1450,1430,1400,1370,1350,1320,1310,1290,1260,1240,1240,1240,1230,1210,1210,1180,1160,1140,1140,1130,1110,1100,1110,1120,1130,1110,1100,1080,1050,1030,1040,1040,1080,1120,1190,1200,1220,1230,1230,1220,1240,1270,1270,1270,1270,1290,1290
259,1730,1730,1730,1710,1710,1720,1710,1700,1690,1640,1660,1650,1630,1620,1620,1620,1640,1660,1670,1660,1660,1660,1650,1650,1670,1680,1670,1680,1680,1700,1670,1650,1650,1650,1640,1660,1650,1630,1640,1660,1660,1660,1640,1610,1610,1590,1570,1550,1550,1530,1500,1450,1450,1450,1430,1400,1370,1350,1320,1310,1290,1260,1240,1240,1240,1230,1210,1210,1180,1160,1140,1140,1130,1110,1100,1110,1120,1130,1110,1100,1080,1050,1030,1040,1040,1080,1120,1190,1200,1220,1230,1230,1220,1240,1270,1270,1270,1270,1290,1290,1320
260,1730,1730,1710,1710,1720,1710,1700,1690,1640,1660,1650,1630,1620,1620,1620,1640,1660,1670,1660,1660,1660,1650,1650,1670,1680,1670,1680,1680,1700,1670,1650,1650,1650,1640,1660,1650,1630,1640,1660,1660,1660,1640,1610,1610,1590,1570,1550,1550,1530,1500,1450,1450,1450,1430,1400,1370,1350,1320,1310,1290,1260,1240,1240,1240,1230,1210,1210,1180,1160,1140,1140,1130,1110,1100,1110,1120,1130,1110,1100,1080,1050,1030,1040,1040,1080,1120,1190,1200,1220,1230,1230,1220,1240,1270,1270,1270,1270,1290,1290,1320,1340
261,1730,1710,1710,1720,1710,1700,1690,1640,1660,1650,1630,1620,1620,1620,1640,1660,1670,1660,1660,1660,1650,1650,1670,1680,1670,1680,1680,1700,1670,1650,1650,1650,1640,1660,1650,1630,1640,1660,1660,1660,1640,1610,1610,1590,1570,1550,1550,1530,1500,1450,1450,1450,1430,1400,1370,1350,1320,1310,1290,1260,1240,1240,1240,1230,1210,1210,1180,1160,1140,1140,1130,1110,1100,1110,1120,1130,1110,1100,1080,1050,1030,1040,1040,1080,1120,1190,1200,1220,1230,1230,1220,1240,1270,1270,1270,1270,1290,1290,1320,1340,1320
262,1710,1710,1720,1710,1700,1690,1640,1660,1650,1630,1620,1620,1620,1640,1660,1670,1660,1660,1660,1650,1650,1670,1680,1670,1680,1680,1700,1670,1650,1650,1650,1640,1660,1650,1630,1640,1660,1660,1660,1640,1610,1610,1590,1570,1550,1550,1530,1500,1450,1450,1450,1430,1400,1370,1350,1320,1310,1290,1260,1240,1240,1240,1230,1210,1210,1180,1160,1140,1140,1130,1110,1100,1110,1120,1130,1110,1100,1080,1050,1030,1040,1040,1080,1120,1190,1200,1220,1230,1230,1220,1240,1270,1270,1270,1270,1290,1290,1320,1340,1320,1320
263,1710,1720,1710,1700,1690,1640,1660,1650,1630,1620,1620,1620,1640,1660,1670,1660,1660,1660,1650,1650,1670,1680,1670,1680,1680,1700,1670,1650,1650,1650,1640,1660,1650,1630,1640,1660,1660,1660,1640,1610,1610,1590,1570,1550,1550,1530,1500,1450,1450,1450,1430,1400,1370,1350,1320,1310,1290,1260,1240,1240,1240,1230,1210,1210,1180,1160,1140,1140,1130,1110,1100,1110,1120,1130,1110,1100,1080,1050,1030,1040,1040,1080,1120,1190,1200,1220,1230,1230,1220,1240,1270,1270,1270,1270,1290,1290,1320,1340,1320,1320,1330
264,1720,1710,1700,1690,1640,1660,1650,1630,1620,1620,1620,1640,1660,1670,1660,1660,1660,1650,1650,1670,1680,1670,1680,1680,1700,1670,1650,1650,1650,1640,1660,1650,1630,1640,1660,1660,1660,1640,1610,1610,1590,1570,1550,1550,1530,1500,1450,1450,1450,1430,1400,1370,1350,1320,1310,1290,1260,1240,1240,1240,1230,1210,1210,1180,1160,1140,1140,1130,1110,1100,1110,1120,1130,1110,1100,1080,1050,1030,1040,1040,1080,1120,1190,1200,1220,1230,1230,1220,1240,1270,1270,1270,1270,1290,1290,1320,1340,1320,1320,1330,1360
265,1710,1700,1690,1640,1660,1650,1630,1620,1620,1620,1640,1660,1670,1660,1660,1660,1650,1650,1670,1680,1670,1680,1680,1700,1670,1650,1650,1650,1640,1660,1650,1630,1640,1660,1660,1660,1640,1610,1610,1590,1570,1550,1550,1530,1500,1450,1450,1450,1430,1400,1370,1350,1320,1310,1290,1260,1240,1240,1240,1230,1210,1210,1180,1160,1140,1140,1130,1110,1100,1110,1120,1130,1110,1100,1080,1050,1030,1040,1040,1080,1120,1190,1200,1220,1230,1230,1220,1240,1270,1270,1270,1270,1290,1290,1320,1340,1320,1320,1330,1360,1370
266,1700,1690,1640,1660,1650,1630,1620,1620,1620,1640,1660,1670,1660,1660,1660,1650,1650,1670,1680,1670,1680,1680,1700,1670,1650,1650,1650,1640,1660,1650,1630,1640,1660,1660,1660,1640,1610,1610,1590,1570,1550,1550,1530,1500,1450,1450,1450,1430,1400,1370,1350,1320,1310,1290,1260,1240,1240,1240,1230,1210,1210,1180,1160,1140,1140,1130,1110,1100,1110,1120,1130,1110,1100,1080,1050,1030,1040,1040,1080,1120,1190,1200,1220,1230,1230,1220,1240,1270,1270,1270,1270,1290,1290,1320,1340,1320,1320,1330,1360,1370,1370
267,1690,1640,1660,1650,1630,1620,1620,1620,1640,1660,1670,1660,1660,1660,1650,1650,1670,1680,1670,1680,1680,1700,1670,1650,1650,1650,1640,1660,1650,1630,1640,1660,1660,1660,1640,1610,1610,1590,1570,1550,1550,1530,1500,1450,1450,1450,1430,1400,1370,1350,1320,1310,1290,1260,1240,1240,1240,1230,1210,1210,1180,1160,1140,1140,1130,1110,1100,1110,1120,1130,1110,1100,1080,1050,1030,1040,1040,1080,1120,1190,1200,1220,1230,1230,1220,1240,1270,1270,1270,1270,1290,1290,1320,1340,1320,1320,1330,1360,1370,1370,1380
268,1640,1660,1650,1630,1620,1620,1620,1640,1660,1670,1660,1660,1660,1650,1650,1670,1680,1670,1680,1680,1700,1670,1650,1650,1650,1640,1660,1650,1630,1640,1660,1660,1660,1640,1610,1610,1590,1570,1550,1550,1530,1500,1450,1450,1450,1430,1400,1370,1350,1320,1310,1290,1260,1240,1240,1240,1230,1210,1210,1180,1160,1140,1140,1130,1110,1100,1110,1120,1130,1110,1100,1080,1050,1030,1040,1040,1080,1120,1190,1200,1220,1230,1230,1220,1240,1270,1270,1270,1270,1290,1290,1320,1340,1320,1320,1330,1360,1370,1370,1380,1380
269,1660,1650,1630,1620,1620,1620,1640,1660,1670,1660,1660,1660,1650,1650,1670,1680,1670,1680,1680,1700,1670,1650,1650,1650,1640,1660,1650,1630,1640,1660,1660,1660,1640,1610,1610,1590,1570,1550,1550,1530,1500,1450,1450,1450,1430,1400,1370,1350,1320,1310,1290,1260,1240,1240,1240,1230,1210,1210,1180,1160,1140,1140,1130,1110,1100,1110,1120,1130,1110,1100,1080,1050,1030,1040,1040,1080,1120,1190,1200,1220,1230,1230,1220,1240,1270,1270,1270,1270,1290,1290,1320,1340,1320,1320,1330,1360,1370,1370,1380,1380,1380
270,1650,1630,1620,1620,1620,1640,1660,1670,1660,1660,1660,1650,1650,1670,1680,1670,1680,1680,1700,1670,1650,1650,1650,1640,1660,1650,1630,1640,1660,1660,1660,1640,1610,1610,1590,1570,1550,1550,1530,1500,1450,1450,1450,1430,1400,1370,1350,1320,1310,1290,1260,1240,1240,1240,1230,1210,1210,1180,1160,1140,1140,1130,1110,1100,1110,1120,1130,1110,1100,1080,1050,1030,1040,1040,1080,1120,1190,1200,1220,1230,1230,1220,1240,1270,1270,1270,1270,1290,1290,1320,1340,1320,1320,1330,1360,1370,1370,1380,1380,1380,1370
271,1630,1620,1620,1620,1640,1660,1670,1660,1660,1660,1650,1650,1670,1680,1670,1680,1680,1700,1670,1650,1650,1650,1640,1660,1650,1630,1640,1660,1660,1660,1640,1610,1610,1590,1570,1550,1550,1530,1500,1450,1450,1450,1430,1400,1370,1350,1320,1310,1290,1260,1240,1240,1240,1230,1210,1210,1180,1160,1140,1140,1130,1110,1100,1110,1120,1130,1110,1100,1080,1050,1030,1040,1040,1080,1120,1190,1200,1220,1230,1230,1220,1240,1270,1270,1270,1270,1290,1290,1320,1340,1320,1320,1330,1360,1370,1370,1380,1380,1380,1370,1390
272,1620,1620,1620,1640,1660,1670,1660,1660,1660,1650,1650,1670,1680,1670,1680,1680,1700,1670,1650,1650,1650,1640,1660,1650,1630,1640,1660,1660,1660,1640,1610,1610,1590,1570,1550,1550,1530,1500,1450,1450,1450,1430,1400,1370,1350,1320,1310,1290,1260,1240,1240,1240,1230,1210,1210,1180,1160,1140,1140,1130,1110,1100,1110,1120,1130,1110,1100,1080,1050,1030,1040,1040,1080,1120,1190,1200,1220,1230,1230,1220,1240,1270,1270,1270,1270,1290,1290,1320,1340,1320,1320,1330,1360,1370,1370,1380,1380,1380,1370,1390,1390
273,1620,1620,1640,1660,1670,1660,1660,1660,1650,1650,1670,1680,1670,1680,1680,1700,1670,1650,1650,1650,1640,1660,1650,1630,1640,1660,1660,1660,1640,1610,1610,1590,1570,1550,1550,1530,1500,1450,1450,1450,1430,1400,1370,1350,1320,1310,1290,1260,1240,1240,1240,1230,1210,1210,1180,1160,1140,1140,1130,1110,1100,1110,1120,1130,1110,1100,1080,1050,1030,1040,1040,1080,1120,1190,1200,1220,1230,1230,1220,1240,1270,1270,1270,1270,1290,1290,1320,1340,1320,1320,1330,1360,1370,1370,1380,1380,1380,1370,1390,1390,1390
274,1620,1640,1660,1670,1660,1660,1660,1650,1650,1670,1680,1670,1680,1680,1700,1670,1650,1650,1650,1640,1660,1650,1630,1640,1660,1660,1660,1640,1610,1610,1590,1570,1550,1550,1530,1500,1450,1450,1450,1430,1400,1370,1350,1320,1310,1290,1260,1240,1240,1240,1230,1210,1210,1180,1160,1140,1140,1130,1110,1100,1110,1120,1130,1110,1100,1080,1050,1030,1040,1040,1080,1120,1190,1200,1220,1230,1230,1220,1240,1270,1270,1270,1270,1290,1290,1320,1340,1320,1320,1330,1360,1370,1370,1380,1380,1380,1370,1390,1390,1390,1390
275,1640,1660,1670,1660,1660,1660,1650,1650,1670,1680,1670,1680,1680,1700,1670,1650,1650,1650,1640,1660,1650,1630,1640,1660,1660,1660,1640,1610,1610,1590,1570,1550,1550,1530,1500,1450,1450,1450,1430,1400,1370,1350,1320,1310,1290,1260,1240,1240,1240,1230,1210,1210,1180,1160,1140,1140,1130,1110,1100,1110,1120,1130,1110,1100,1080,1050,1030,1040,1040,1080,1120,1190,1200,1220,1230,1230,1220,1240,1270,1270,1270,1270,1290,1290,1320,1340,1320,1320,1330,1360,1370,1370,1380,1380,1380,1370,1390,1390,1390,1390,1400
276,1660,1670,1660,1660,1660,1650,1650,1670,1680,1670,1680,1680,1700,1670,1650,1650,1650,1640,1660,1650,1630,1640,1660,1660,1660,1640,1610,1610,1590,1570,1550,1550,1530,1500,1450,1450,1450,1430,1400,1370,1350,1320,1310,1290,1260,1240,1240,1240,1230,1210,1210,1180,1160,1140,1140,1130,1110,1100,1110,1120,1130,1110,1100,1080,1050,1030,1040,1040,1080,1120,1190,1200,1220,1230,1230,1220,1240,1270,1270,1270,1270,1290,1290,1320,1340,1320,1320,1330,1360,1370,1370,1380,1380,1380,1370,1390,1390,1390,1390,1400,1390
277,1670,1660,1660,1660,1650,1650,1670,1680,1670,1680,1680,1700,1670,1650,1650,1650,1640,1660,1650,1630,1640,1660,1660,1660,1640,1610,1610,1590,1570,1550,1550,1530,1500,1450,1450,1450,1430,1400,1370,1350,1320,1310,1290,1260,1240,1240,1240,1230,1210,1210,1180,1160,1140,1140,1130,1110,1100,1110,1120,1130,1110,1100,1080,1050,1030,1040,1040,1080,1120,1190,1200,1220,1230,1230,1220,1240,1270,1270,1270,1270,1290,1290,1320,1340,1320,1320,1330,1360,1370,1370,1380,1380,1380,1370,1390,1390,1390,1390,1400,1390,1390
278,1660,1660,1660,1650,1650,1670,1680,1670,1680,1680,1700,1670,1650,1650,1650,1640,1660,1650,1630,1640,1660,1660,1660,1640,1610,1610,1590,1570,1550,1550,1530,1500,1450,1450,1450,1430,1400,1370,1350,1320,1310,1290,1260,1240,1240,1240,1230,1210,1210,1180,1160,1140,1140,1130,1110,1100,1110,1120,1130,1110,1100,1080,1050,1030,1040,1040,1080,1120,1190,1200,1220,1230,1230,1220,1240,1270,1270,1270,1270,1290,1290,1320,1340,1320,1320,1330,1360,1370,1370,1380,1380,1380,1370,1390,1390,1390,1390,1400,1390,1390,1370
279,1660,1660,1650,1650,1670,1680,1670,1680,1680,1700,1670,1650,1650,1650,1640,1660,1650,1630,1640,1660,1660,1660,1640,1610,1610,1590,1570,1550,1550,1530,1500,1450,1450,1450,1430,1400,1370,1350,1320,1310,1290,1260,1240,1240,1240,1230,1210,1210,1180,1160,1140,1140,1130,1110,1100,1110,1120,1130,1110,1100,1080,1050,1030,1040,1040,1080,1120,1190,1200,1220,1230,1230,1220,1240,1270,1270,1270,1270,1290,1290,1320,1340,1320,1320,1330,1360,1370,1370,1380,1380,1380,1370,1390,1390,1390,1390,1400,1390,1390,1370,1370
280,1660,1650,1650,1670,1680,1670,1680,1680,1700,1670,1650,1650,1650,1640,1660,1650,1630,1640,1660,1660,1660,1640,1610,1610,1590,1570,1550,1550,1530,1500,1450,1450,1450,1430,1400,1370,1350,1320,1310,1290,1260,1240,1240,1240,1230,1210,1210,1180,1160,1140,1140,1130,1110,1100,1110,1120,1130,1110,1100,1080,1050,1030,1040,1040,1080,1120,1190,1200,1220,1230,1230,1220,1240,1270,1270,1270,1270,1290,1290,1320,1340,1320,1320,1330,1360,1370,1370,1380,1380,1380,1370,1390,1390,1390,1390,1400,1390,1390,1370,1370,1350
281,1650,1650,1670,1680,1670,1680,1680,1700,1670,1650,1650,1650,1640,1660,1650,1630,1640,1660,1660,1660,1640,1610,1610,1590,1570,1550,1550,1530,1500,1450,1450,1450,1430,1400,1370,1350,1320,1310,1290,1260,1240,1240,1240,1230,1210,1210,1180,1160,1140,1140,1130,1110,1100,1110,1120,1130,1110,1100,1080,1050,1030,1040,1040,1080,1120,1190,1200,1220,1230,1230,1220,1240,1270,1270,1270,1270,1290,1290,1320,1340,1320,1320,1330,1360,1370,1370,1380,1380,1380,1370,1390,1390,1390,1390,1400,1390,1390,1370,1370,1350,1370
282,1650,1670,1680,1670,1680,1680,1700,1670,1650,1650,1650,1640,1660,1650,1630,1640,1660,1660,1660,1640,1610,1610,1590,1570,1550,1550,1530,1500,1450,1450,1450,1430,1400,1370,1350,1320,1310,1290,1260,1240,1240,1240,1230,1210,1210,1180,1160,1140,1140,1130,1110,1100,1110,1120,1130,1110,1100,1080,1050,1030,1040,1040,1080,1120,1190,1200,1220,1230,1230,1220,1240,1270,1270,1270,1270,1290,1290,1320,1340,1320,1320,1330,1360,1370,1370,1380,1380,1380,1370,1390,1390,1390,1390,1400,1390,1390,1370,1370,1350,1370,1390
283,1670,1680,1670,1680,1680,1700,1670,1650,1650,1650,1640,1660,1650,1630,1640,1660,1660,1660,1640,1610,1610,1590,1570,1550,1550,1530,1500,1450,1450,1450,1430,1400,1370,1350,1320,1310,1290,1260,1240,1240,1240,1230,1210,1210,1180,1160,1140,1140,1130,1110,1100,1110,1120,1130,1110,1100,1080,1050,1030,1040,1040,1080,1120,1190,1200,1220,1230,1230,1220,1240,1270,1270,1270,1270,1290,1290,1320,1340,1320,1320,1330,1360,1370,1370,1380,1380,1380,1370,1390,1390,1390,1390,1400,1390,1390,1370,1370,1350,1370,1390,1400
284,1680,1670,1680,1680,1700,1670,1650,1650,1650,1640,1660,1650,1630,1640,1660,1660,1660,1640,1610,1610,1590,1570,1550,1550,1530,1500,1450,1450,1450,1430,1400,1370,1350,1320,1310,1290,1260,1240,1240,1240,1230,1210,1210,1180,1160,1140,1140,1130,1110,1100,1110,1120,1130,1110,1100,1080,1050,1030,1040,1040,1080,1120,1190,1200,1220,1230,1230,1220,1240,1270,1270,1270,1270,1290,1290,1320,1340,1320,1320,1330,1360,1370,1370,1380,1380,1380,1370,1390,1390,1390,1390,1400,1390,1390,1370,1370,1350,1370,1390,1400,1400
285,1670,1680,1680,1700,1670,1650,1650,1650,1640,1660,1650,1630,1640,1660,1660,1660,1640,1610,1610,1590,1570,1550,1550,1530,1500,1450,1450,1450,1430,1400,1370,1350,1320,1310,1290,1260,1240,1240,1240,1230,1210,1210,1180,1160,1140,1140,1130,1110,1100,1110,1120,1130,1110,1100,1080,1050,1030,1040,1040,1080,1120,1190,1200,1220,1230,1230,1220,1240,1270,1270,1270,1270,1290,1290,1320,1340,1320,1320,1330,1360,1370,1370,1380,1380,1380,1370,1390,1390,1390,1390,1400,1390,1390,1370,1370,1350,1370,1390,1400,1400,1400
286,1680,1680,1700,1670,1650,1650,1650,1640,1660,1650,1630,1640,1660,1660,1660,1640,1610,1610,1590,1570,1550,1550,1530,1500,1450,1450,1450,1430,1400,1370,1350,1320,1310,1290,1260,1240,1240,1240,1230,1210,1210,1180,1160,1140,1140,1130,1110,1100,1110,1120,1130,1110,1100,1080,1050,1030,1040,1040,1080,1120,1190,1200,1220,1230,1230,1220,1240,1270,1270,1270,1270,1290,1290,1320,1340,1320,1320,1330,1360,1370,1370,1380,1380,1380,1370,1390,1390,1390,1390,1400,1390,1390,1370,1370,1350,1370,1390,1400,1400,1400,1420
287,1680,1700,1670,1650,1650,1650,1640,1660,1650,1630,1640,1660,1660,1660,1640,1610,1610,1590,1570,1550,1550,1530,1500,1450,1450,1450,1430,1400,1370,1350,1320,1310,1290,1260,1240,1240,1240,1230,1210,1210,1180,1160,1140,1140,1130,1110,1100,1110,1120,1130,1110,1100,1080,1050,1030,1040,1040,1080,1120,1190,1200,1220,1230,1230,1220,1240,1270,1270,1270,1270,1290,1290,1320,1340,1320,1320,1330,1360,1370,1370,1380,1380,1380,1370,1390,1390,1390,1390,1400,1390,1390,1370,1370,1350,1370,1390,1400,1400,1400,1420,1450
288,1700,1670,1650,1650,1650,1640,1660,1650,1630,1640,1660,1660,1660,1640,1610,1610,1590,1570,1550,1550,1530,1500,1450,1450,1450,1430,1400,1370,1350,1320,1310,1290,1260,1240,1240,1240,1230,1210,1210,1180,1160,1140,1140,1130,1110,1100,1110,1120,1130,1110,1100,1080,1050,1030,1040,1040,1080,1120,1190,1200,1220,1230,1230,1220,1240,1270,1270,1270,1270,1290,1290,1320,1340,1320,1320,1330,1360,1370,1370,1380,1380,1380,1370,1390,1390,1390,1390,1400,1390,1390,1370,1370,1350,1370,1390,1400,1400,1400,1420,1450,1480
289,1670,1650,1650,1650,1640,1660,1650,1630,1640,1660,1660,1660,1640,1610,1610,1590,1570,1550,1550,1530,1500,1450,1450,1450,1430,1400,1370,1350,1320,1310,1290,1260,1240,1240,1240,1230,1210,1210,1180,1160,1140,1140,1130,1110,1100,1110,1120,1130,1110,1100,1080,1050,1030,1040,1040,1080,1120,1190,1200,1220,1230,1230,1220,1240,1270,1270,1270,1270,1290,1290,1320,1340,1320,1320,1330,1360,1370,1370,1380,1380,1380,1370,1390,1390,1390,1390,1400,1390,1390,1370,1370,1350,1370,1390,1400,1400,1400,1420,1450,1480,1490
290,1650,1650,1650,1640,1660,1650,1630,1640,1660,1660,1660,1640,1610,1610,1590,1570,1550,1550,1530,1500,1450,1450,1450,1430,1400,1370,1350,1320,1310,1290,1260,1240,1240,1240,1230,1210,1210,1180,1160,1140,1140,1130,1110,1100,1110,1120,1130,1110,1100,1080,1050,1030,1040,1040,1080,1120,1190,1200,1220,1230,1230,1220,1240,1270,1270,1270,1270,1290,1290,1320,1340,1320,1320,1330,1360,1370,1370,1380,1380,1380,1370,1390,1390,1390,1390,1400,1390,1390,1370,1370,1350,1370,1390,1400,1400,1400,1420,1450,1480,1490,1510
291,1650,1650,1640,1660,1650,1630,1640,1660,1660,1660,1640,1610,1610,1590,1570,1550,1550,1530,1500,1450,1450,1450,1430,1400,1370,1350,1320,1310,1290,1260,1240,1240,1240,1230,1210,1210,1180,1160,1140,1140,1130,1110,1100,1110,1120,1130,1110,1100,1080,1050,1030,1040,1040,1080,1120,1190,1200,1220,1230,1230,1220,1240,1270,1270,1270,1270,1290,1290,1320,1340,1320,1320,1330,1360,1370,1370,1380,1380,1380,1370,1390,1390,1390,1390,1400,1390,1390,1370,1370,1350,1370,1390,1400,1400,1400,1420,1450,1480,1490,1510,1520
292,1650,1640,1660,1650,1630,1640,1660,1660,1660,1640,1610,1610,1590,1570,1550,1550,1530,1500,1450,1450,1450,1430,1400,1370,1350,1320,1310,1290,1260,1240,1240,1240,1230,1210,1210,1180,1160,1140,1140,1130,1110,1100,1110,1120,1130,1110,1100,1080,1050,1030,1040,1040,1080,1120,1190,1200,1220,1230,1230,1220,1240,1270,1270,1270,1270,1290,1290,1320,1340,1320,1320,1330,1360,1370,1370,1380,1380,1380,1370,1390,1390,1390,1390,1400,1390,1390,1370,1370,1350,1370,1390,1400,1400,1400,1420,1450,1480,1490,1510,1520,1510
293,1640,1660,1650,1630,1640,1660,1660,1660,1640,1610,1610,1590,1570,1550,1550,1530,1500,1450,1450,1450,1430,1400,1370,1350,1320,1310,1290,1260,1240,1240,1240,1230,1210,1210,1180,1160,1140,1140,1130,1110,1100,1110,1120,1130,1110,1100,1080,1050,1030,1040,1040,1080,1120,1190,1200,1220,1230,1230,1220,1240,1270,1270,1270,1270,1290,1290,1320,1340,1320,1320,1330,1360,1370,1370,1380,1380,1380,1370,1390,1390,1390,1390,1400,1390,1390,1370,1370,1350,1370,1390,1400,1400,1400,1420,1450,1480,1490,1510,1520,1510,1500
294,1660,1650,1630,1640,1660,1660,1660,1640,1610,1610,1590,1570,1550,1550,1530,1500,1450,1450,1450,1430,1400,1370,1350,1320,1310,1290,1260,1240,1240,1240,1230,1210,1210,1180,1160,1140,1140,1130,1110,1100,1110,1120,1130,1110,1100,1080,1050,1030,1040,1040,1080,1120,1190,1200,1220,1230,1230,1220,1240,1270,1270,1270,1270,1290,1290,1320,1340,1320,1320,1330,1360,1370,1370,1380,1380,1380,1370,1390,1390,1390,1390,1400,1390,1390,1370,1370,1350,1370,1390,1400,1400,1400,1420,1450,1480,1490,1510,1520,1510,1500,1520
295,1650,1630,1640,1660,1660,1660,1640,1610,1610,1590,1570,1550,1550,1530,1500,1450,1450,1450,1430,1400,1370,1350,1320,1310,1290,1260,1240,1240,1240,1230,1210,1210,1180,1160,1140,1140,1130,1110,1100,1110,1120,1130,1110,1100,1080,1050,1030,1040,1040,1080,1120,1190,1200,1220,1230,1230,1220,1240,1270,1270,1270,1270,1290,1290,1320,1340,1320,1320,1330,1360,1370,1370,1380,1380,1380,1370,1390,1390,1390,1390,1400,1390,1390,1370,1370,1350,1370,1390,1400,1400,1400,1420,1450,1480,1490,1510,1520,1510,1500,1520,1510
296,1630,1640,1660,1660,1660,1640,1610,1610,1590,1570,1550,1550,1530,1500,1450,1450,1450,1430,1400,1370,1350,1320,1310,1290,1260,1240,1240,1240,1230,1210,1210,1180,1160,1140,1140,1130,1110,1100,1110,1120,1130,1110,1100,1080,1050,1030,1040,1040,1080,1120,1190,1200,1220,1230,1230,1220,1240,1270,1270,1270,1270,1290,1290,1320,1340,1320,1320,1330,1360,1370,1370,1380,1380,1380,1370,1390,1390,1390,1390,1400,1390,1390,1370,1370,1350,1370,1390,1400,1400,1400,1420,1450,1480,1490,1510,1520,1510,1500,1520,1510,1510
297,1640,1660,1660,1660,1640,1610,1610,1590,1570,1550,1550,1530,1500,1450,1450,1450,1430,1400,1370,1350,1320,1310,1290,1260,1240,1240,1240,1230,1210,1210,1180,1160,1140,1140,1130,1110,1100,1110,1120,1130,1110,1100,1080,1050,1030,1040,1040,1080,1120,1190,1200,1220,1230,1230,1220,1240,1270,1270,1270,1270,1290,1290,1320,1340,1320,1320,1330,1360,1370,1370,1380,1380,1380,1370,1390,1390,1390,1390,1400,1390,1390,1370,1370,1350,1370,1390,1400,1400,1400,1420,1450,1480,1490,1510,1520,1510,1500,1520,1510,1510,1470
298,1660,1660,1660,1640,1610,1610,1590,1570,1550,1550,1530,1500,1450,1450,1450,1430,1400,1370,1350,1320,1310,1290,1260,1240,1240,1240,1230,1210,1210,1180,1160,1140,1140,1130,1110,1100,1110,1120,1130,1110,1100,1080,1050,1030,1040,1040,1080,1120,1190,1200,1220,1230,1230,1220,1240,1270,1270,1270,1270,1290,1290,1320,1340,1320,1320,1330,1360,1370,1370,1380,1380,1380,1370,1390,1390,1390,1390,1400,1390,1390,1370,1370,1350,1370,1390,1400,1400,1400,1420,1450,1480,1490,1510,1520,1510,1500,1520,1510,1510,1470,1440
299,1660,1660,1640,1610,1610,1590,1570,1550,1550,1530,1500,1450,1450,1450,1430,1400,1370,1350,1320,1310,1290,1260,1240,1240,1240,1230,1210,1210,1180,1160,1140,1140,1130,1110,1100,1110,1120,1130,1110,1100,1080,1050,1030,1040,1040,1080,1120,1190,1200,1220,1230,1230,1220,1240,1270,1270,1270,1270,1290,1290,1320,1340,1320,1320,1330,1360,1370,1370,1380,1380,1380,1370,1390,1390,1390,1390,1400,1390,1390,1370,1370,1350,1370,1390,1400,1400,1400,1420,1450,1480,1490,1510,1520,1510,1500,1520,1510,1510,1470,1440,1410
300,1660,1640,1610,1610,1590,1570,1550,1550,1530,1500,1450,1450,1450,1430,1400,1370,1350,1320,1310,1290,1260,1240,1240,1240,1230,1210,1210,1180,1160,1140,1140,1130,1110,1100,1110,1120,1130,1110,1100,1080,1050,1030,1040,1040,1080,1120,1190,1200,1220,1230,1230,1220,1240,1270,1270,1270,1270,1290,1290,1320,1340,1320,1320,1330,1360,1370,1370,1380,1380,1380,1370,1390,1390,1390,1390,1400,1390,1390,1370,1370,1350,1370,1390,1400,1400,1400,1420,1450,1480,1490,1510,1520,1510,1500,1520,1510,1510,1470,1440,1410,1400
301,1640,1610,1610,1590,1570,1550,1550,1530,1500,1450,1450,1450,1430,1400,1370,1350,1320,1310,1290,1260,1240,1240,1240,1230,1210,1210,1180,1160,1140,1140,1130,1110,1100,1110,1120,1130,1110,1100,1080,1050,1030,1040,1040,1080,1120,1190,1200,1220,1230,1230,1220,1240,1270,1270,1270,1270,1290,1290,1320,1340,1320,1320,1330,1360,1370,1370,1380,1380,1380,1370,1390,1390,1390,1390,1400,1390,1390,1370,1370,1350,1370,1390,1400,1400,1400,1420,1450,1480,1490,1510,1520,1510,1500,1520,1510,1510,1470,1440,1410,1400,1380
302,1610,1610,1590,1570,1550,1550,1530,1500,1450,1450,1450,1430,1400,1370,1350,1320,1310,1290,1260,1240,1240,1240,1230,1210,1210,1180,1160,1140,1140,1130,1110,1100,1110,1120,1130,1110,1100,1080,1050,1030,1040,1040,1080,1120,1190,1200,1220,1230,1230,1220,1240,1270,1270,1270,1270,1290,1290,1320,1340,1320,1320,1330,1360,1370,1370,1380,1380,1380,1370,1390,1390,1390,1390,1400,1390,1390,1370,1370,1350,1370,1390,1400,1400,1400,1420,1450,1480,1490,1510,1520,1510,1500,1520,1510,1510,1470,1440,1410,1400,1380,1370
303,1610,1590,1570,1550,1550,1530,1500,1450,1450,1450,1430,1400,1370,1350,1320,1310,1290,1260,1240,1240,1240,1230,1210,1210,1180,1160,1140,1140,1130,1110,1100,1110,1120,1130,1110,1100,1080,1050,1030,1040,1040,1080,1120,1190,1200,1220,1230,1230,1220,1240,1270,1270,1270,1270,1290,1290,1320,1340,1320,1320,1330,1360,1370,1370,1380,1380,1380,1370,1390,1390,1390,1390,1400,1390,1390,1370,1370,1350,1370,1390,1400,1400,1400,1420,1450,1480,1490,1510,1520,1510,1500,1520,1510,1510,1470,1440,1410,1400,1380,1370,1350
304,1590,1570,1550,1550,1530,1500,1450,1450,1450,1430,1400,1370,1350,1320,1310,1290,1260,1240,1240,1240,1230,1210,1210,1180,1160,1140,1140,1130,1110,1100,1110,1120,1130,1110,1100,1080,1050,1030,1040,1040,1080,1120,1190,1200,1220,1230,1230,1220,1240,1270,1270,1270,1270,1290,1290,1320,1340,1320,1320,1330,1360,1370,1370,1380,1380,1380,1370,1390,1390,1390,1390,1400,1390,1390,1370,1370,1350,1370,1390,1400,1400,1400,1420,1450,1480,1490,1510,1520,1510,1500,1520,1510,1510,1470,1440,1410,1400,1380,1370,1350,1350
305,1570,1550,1550,1530,1500,1450,1450,1450,1430,1400,1370,1350,1320,1310,1290,1260,1240,1240,1240,1230,1210,1210,1180,1160,1140,1140,1130,1110,1100,1110,1120,1130,1110,1100,1080,1050,1030,1040,1040,1080,1120,1190,1200,1220,1230,1230,1220,1240,1270,1270,1270,1270,1290,1290,1320,1340,1320,1320,1330,1360,1370,1370,1380,1380,1380,1370,1390,1390,1390,1390,1400,1390,1390,1370,1370,1350,1370,1390,1400,1400,1400,1420,1450,1480,1490,1510,1520,1510,1500,1520,1510,1510,1470,1440,1410,1400,1380,1370,1350,1350,1350
306,1550,1550,1530,1500,1450,1450,1450,1430,1400,1370,1350,1320,1310,1290,1260,1240,1240,1240,1230,1210,1210,1180,1160,1140,1140,1130,1110,1100,1110,1120,1130,1110,1100,1080,1050,1030,1040,1040,1080,1120,1190,1200,1220,1230,1230,1220,1240,1270,1270,1270,1270,1290,1290,1320,1340,1320,1320,1330,1360,1370,1370,1380,1380,1380,1370,1390,1390,1390,1390,1400,1390,1390,1370,1370,1350,1370,1390,1400,1400,1400,1420,1450,1480,1490,1510,1520,1510,1500,1520,1510,1510,1470,1440,1410,1400,1380,1370,1350,1350,1350,1360
307,1550,1530,1500,1450,1450,1450,1430,1400,1370,1350,1320,1310,1290,1260,1240,1240,1240,1230,1210,1210,1180,1160,1140,1140,1130,1110,1100,1110,1120,1130,1110,1100,1080,1050,1030,1040,1040,1080,1120,1190,1200,1220,1230,1230,1220,1240,1270,1270,1270,1270,1290,1290,1320,1340,1320,1320,1330,1360,1370,1370,1380,1380,1380,1370,1390,1390,1390,1390,1400,1390,1390,1370,1370,1350,1370,1390,1400,1400,1400,1420,1450,1480,1490,1510,1520,1510,1500,1520,1510,1510,1470,1440,1410,1400,1380,1370,1350,1350,1350,1360,1340
308,1530,1500,1450,1450,1450,1430,1400,1370,1350,1320,1310,1290,1260,1240,1240,1240,1230,1210,1210,1180,1160,1140,1140,1130,1110,1100,1110,1120,1130,1110,1100,1080,1050,1030,1040,1040,1080,1120,1190,1200,1220,1230,1230,1220,1240,1270,1270,1270,1270,1290,1290,1320,1340,1320,1320,1330,1360,1370,1370,1380,1380,1380,1370,1390,1390,1390,1390,1400,1390,1390,1370,1370,1350,1370,1390,1400,1400,1400,1420,1450,1480,1490,1510,1520,1510,1500,1520,1510,1510,1470,1440,1410,1400,1380,1370,1350,1350,1350,1360,1340,1350
309,1500,1450,1450,1450,1430,1400,1370,1350,1320,1310,1290,1260,1240,1240,1240,1230,1210,1210,1180,1160,1140,1140,1130,1110,1100,1110,1120,1130,1110,1100,1080,1050,1030,1040,1040,1080,1120,1190,1200,1220,1230,1230,1220,1240,1270,1270,1270,1270,1290,1290,1320,1340,1320,1320,1330,1360,1370,1370,1380,1380,1380,1370,1390,1390,1390,1390,1400,1390,1390,1370,1370,1350,1370,1390,1400,1400,1400,1420,1450,1480,1490,1510,1520,1510,1500,1520,1510,1510,1470,1440,1410,1400,1380,1370,1350,1350,1350,1360,1340,1350,1340
310,1450,1450,1450,1430,1400,1370,1350,1320,1310,1290,1260,1240,1240,1240,1230,1210,1210,1180,1160,1140,1140,1130,1110,1100,1110,1120,1130,1110,1100,1080,1050,1030,1040,1040,1080,1120,1190,1200,1220,1230,1230,1220,1240,1270,1270,1270,1270,1290,1290,1320,1340,1320,1320,1330,1360,1370,1370,1380,1380,1380,1370,1390,1390,1390,1390,1400,1390,1390,1370,1370,1350,1370,1390,1400,1400,1400,1420,1450,1480,1490,1510,1520,1510,1500,1520,1510,1510,1470,1440,1410,1400,1380,1370,1350,1350,1350,1360,1340,1350,1340,1340
311,1450,1450,1430,1400,1370,1350,1320,1310,1290,1260,1240,1240,1240,1230,1210,1210,1180,1160,1140,1140,1130,1110,1100,1110,1120,1130,1110,1100,1080,1050,1030,1040,1040,1080,1120,1190,1200,1220,1230,1230,1220,1240,1270,1270,1270,1270,1290,1290,1320,1340,1320,1320,1330,1360,1370,1370,1380,1380,1380,1370,1390,1390,1390,1390,1400,1390,1390,1370,1370,1350,1370,1390,1400,1400,1400,1420,1450,1480,1490,1510,1520,1510,1500,1520,1510,1510,1470,1440,1410,1400,1380,1370,1350,1350,1350,1360,1340,1350,1340,1340,1330
312,1450,1430,1400,1370,1350,1320,1310,1290,1260,1240,1240,1240,1230,1210,1210,1180,1160,1140,1140,1130,1110,1100,1110,1120,1130,1110,1100,1080,1050,1030,1040,1040,1080,1120,1190,1200,1220,1230,1230,1220,1240,1270,1270,1270,1270,1290,1290,1320,1340,1320,1320,1330,1360,1370,1370,1380,1380,1380,1370,1390,1390,1390,1390,1400,1390,1390,1370,1370,1350,1370,1390,1400,1400,1400,1420,1450,1480,1490,1510,1520,1510,1500,1520,1510,1510,1470,1440,1410,1400,1380,1370,1350,1350,1350,1360,1340,1350,1340,1340,1330,1330
313,1430,1400,1370,1350,1320,1310,1290,1260,1240,1240,1240,1230,1210,1210,1180,1160,1140,1140,1130,1110,1100,1110,1120,1130,1110,1100,1080,1050,1030,1040,1040,1080,1120,1190,1200,1220,1230,1230,1220,1240,1270,1270,1270,1270,1290,1290,1320,1340,1320,1320,1330,1360,1370,1370,1380,1380,1380,1370,1390,1390,1390,1390,1400,1390,1390,1370,1370,1350,1370,1390,1400,1400,1400,1420,1450,1480,1490,1510,1520,1510,1500,1520,1510,1510,1470,1440,1410,1400,1380,1370,1350,1350,1350,1360,1340,1350,1340,1340,1330,1330,1330
314,1400,1370,1350,1320,1310,1290,1260,1240,1240,1240,1230,1210,1210,1180,1160,1140,1140,1130,1110,1100,1110,1120,1130,1110,1100,1080,1050,1030,1040,1040,1080,1120,1190,1200,1220,1230,1230,1220,1240,1270,1270,1270,1270,1290,1290,1320,1340,1320,1320,1330,1360,1370,1370,1380,1380,1380,1370,1390,1390,1390,1390,1400,1390,1390,1370,1370,1350,1370,1390,1400,1400,1400,1420,1450,1480,1490,1510,1520,1510,1500,1520,1510,1510,1470,1440,1410,1400,1380,1370,1350,1350,1350,1360,1340,1350,1340,1340,1330,1330,1330,1320
315,1370,1350,1320,1310,1290,1260,1240,1240,1240,1230,1210,1210,1180,1160,1140,1140,1130,1110,1100,1110,1120,1130,1110,1100,1080,1050,1030,1040,1040,1080,1120,1190,1200,1220,1230,1230,1220,1240,1270,1270,1270,1270,1290,1290,1320,1340,1320,1320,1330,1360,1370,1370,1380,1380,1380,1370,1390,1390,1390,1390,1400,1390,1390,1370,1370,1350,1370,1390,1400,1400,1400,1420,1450,1480,1490,1510,1520,1510,1500,1520,1510,1510,1470,1440,1410,1400,1380,1370,1350,1350,1350,1360,1340,1350,1340,1340,1330,1330,1330,1320,1310
316,1350,1320,1310,1290,1260,1240,1240,1240,1230,1210,1210,1180,1160,1140,1140,1130,1110,1100,1110,1120,1130,1110,1100,1080,1050,1030,1040,1040,1080,1120,1190,1200,1220,1230,1230,1220,1240,1270,1270,1270,1270,1290,1290,1320,1340,1320,1320,1330,1360,1370,1370,1380,1380,1380,1370,1390,1390,1390,1390,1400,1390,1390,1370,1370,1350,1370,1390,1400,1400,1400,1420,1450,1480,1490,1510,1520,1510,1500,1520,1510,1510,1470,1440,1410,1400,1380,1370,1350,1350,1350,1360,1340,1350,1340,1340,1330,1330,1330,1320,1310,1310
317,1320,1310,1290,1260,1240,1240,1240,1230,1210,1210,1180,1160,1140,1140,1130,1110,1100,1110,1120,1130,1110,1100,1080,1050,1030,1040,1040,1080,1120,1190,1200,1220,1230,1230,1220,1240,1270,1270,1270,1270,1290,1290,1320,1340,1320,1320,1330,1360,1370,1370,1380,1380,1380,1370,1390,1390,1390,1390,1400,1390,1390,1370,1370,1350,1370,1390,1400,1400,1400,1420,1450,1480,1490,1510,1520,1510,1500,1520,1510,1510,1470,1440,1410,1400,1380,1370,1350,1350,1350,1360,1340,1350,1340,1340,1330,1330,1330,1320,1310,1310,1300
318,1310,1290,1260,1240,1240,1240,1230,1210,1210,1180,1160,1140,1140,1130,1110,1100,1110,1120,1130,1110,1100,1080,1050,1030,1040,1040,1080,1120,1190,1200,1220,1230,1230,1220,1240,1270,1270,1270,1270,1290,1290,1320,1340,1320,1320,1330,1360,1370,1370,1380,1380,1380,1370,1390,1390,1390,1390,1400,1390,1390,1370,1370,1350,1370,1390,1400,1400,1400,1420,1450,1480,1490,1510,1520,1510,1500,1520,1510,1510,1470,1440,1410,1400,1380,1370,1350,1350,1350,1360,1340,1350,1340,1340,1330,1330,1330,1320,1310,1310,1300,1300
319,1290,1260,1240,1240,1240,1230,1210,1210,1180,1160,1140,1140,1130,1110,1100,1110,1120,1130,1110,1100,1080,1050,1030,1040,1040,1080,1120,1190,1200,1220,1230,1230,1220,1240,1270,1270,1270,1270,1290,1290,1320,1340,1320,1320,1330,1360,1370,1370,1380,1380,1380,1370,1390,1390,1390,1390,1400,1390,1390,1370,1370,1350,1370,1390,1400,1400,1400,1420,1450,1480,1490,1510,1520,1510,1500,1520,1510,1510,1470,1440,1410,1400,1380,1370,1350,1350,1350,1360,1340,1350,1340,1340,1330,1330,1330,1320,1310,1310,1300,1300,1290
320,1260,1240,1240,1240,1230,1210,1210,1180,1160,1140,1140,1130,1110,1100,1110,1120,1130,1110,1100,1080,1050,1030,1040,1040,1080,1120,1190,1200,1220,1230,1230,1220,1240,1270,1270,1270,1270,1290,1290,1320,1340,1320,1320,1330,1360,1370,1370,1380,1380,1380,1370,1390,1390,1390,1390,1400,1390,1390,1370,1370,1350,1370,1390,1400,1400,1400,1420,1450,1480,1490,1510,1520,1510,1500,1520,1510,1510,1470,1440,1410,1400,1380,1370,1350,1350,1350,1360,1340,1350,1340,1340,1330,1330,1330,1320,1310,1310,1300,1300,1290,1360
321,1240,1240,1240,1230,1210,1210,1180,1160,1140,1140,1130,1110,1100,1110,1120,1130,1110,1100,1080,1050,1030,1040,1040,1080,1120,1190,1200,1220,1230,1230,1220,1240,1270,1270,1270,1270,1290,1290,1320,1340,1320,1320,1330,1360,1370,1370,1380,1380,1380,1370,1390,1390,1390,1390,1400,1390,1390,1370,1370,1350,1370,1390,1400,1400,1400,1420,1450,1480,1490,1510,1520,1510,1500,1520,1510,1510,1470,1440,1410,1400,1380,1370,1350,1350,1350,1360,1340,1350,1340,1340,1330,1330,1330,1320,1310,1310,1300,1300,1290,1360,1370
322,1240,1240,1230,1210,1210,1180,1160,1140,1140,1130,1110,1100,1110,1120,1130,1110,1100,1080,1050,1030,1040,1040,1080,1120,1190,1200,1220,1230,1230,1220,1240,1270,1270,1270,1270,1290,1290,1320,1340,1320,1320,1330,1360,1370,1370,1380,1380,1380,1370,1390,1390,1390,1390,1400,1390,1390,1370,1370,1350,1370,1390,1400,1400,1400,1420,1450,1480,1490,1510,1520,1510,1500,1520,1510,1510,1470,1440,1410,1400,1380,1370,1350,1350,1350,1360,1340,1350,1340,1340,1330,1330,1330,1320,1310,1310,1300,1300,1290,1360,1370,1360
323,1240,1230,1210,1210,1180,1160,1140,1140,1130,1110,1100,1110,1120,1130,1110,1100,1080,1050,1030,1040,1040,1080,1120,1190,1200,1220,1230,1230,1220,1240,1270,1270,1270,1270,1290,1290,1320,1340,1320,1320,1330,1360,1370,1370,1380,1380,1380,1370,1390,1390,1390,1390,1400,1390,1390,1370,1370,1350,1370,1390,1400,1400,1400,1420,1450,1480,1490,1510,1520,1510,1500,1520,1510,1510,1470,1440,1410,1400,1380,1370,1350,1350,1350,1360,1340,1350,1340,1340,1330,1330,1330,1320,1310,1310,1300,1300,1290,1360,1370,1360,1370
324,1230,1210,1210,1180,1160,1140,1140,1130,1110,1100,1110,1120,1130,1110,1100,1080,1050,1030,1040,1040,1080,1120,1190,1200,1220,1230,1230,1220,1240,1270,1270,1270,1270,1290,1290,1320,1340,1320,1320,1330,1360,1370,1370,1380,1380,1380,1370,1390,1390,1390,1390,1400,1390,1390,1370,1370,1350,1370,1390,1400,1400,1400,1420,1450,1480,1490,1510,1520,1510,1500,1520,1510,1510,1470,1440,1410,1400,1380,1370,1350,1350,1350,1360,1340,1350,1340,1340,1330,1330,1330,1320,1310,1310,1300,1300,1290,1360,1370,1360,1370,1370
325,1210,1210,1180,1160,1140,1140,1130,1110,1100,1110,1120,1130,1110,1100,1080,1050,1030,1040,1040,1080,1120,1190,1200,1220,1230,1230,1220,1240,1270,1270,1270,1270,1290,1290,1320,1340,1320,1320,1330,1360,1370,1370,1380,1380,1380,1370,1390,1390,1390,1390,1400,1390,1390,1370,1370,1350,1370,1390,1400,1400,1400,1420,1450,1480,1490,1510,1520,1510,1500,1520,1510,1510,1470,1440,1410,1400,1380,1370,1350,1350,1350,1360,1340,1350,1340,1340,1330,1330,1330,1320,1310,1310,1300,1300,1290,1360,1370,1360,1370,1370,1360
326,1210,1180,1160,1140,1140,1130,1110,1100,1110,1120,1130,1110,1100,1080,1050,1030,1040,1040,1080,1120,1190,1200,1220,1230,1230,1220,1240,1270,1270,1270,1270,1290,1290,1320,1340,1320,1320,1330,1360,1370,1370,1380,1380,1380,1370,1390,1390,1390,1390,1400,1390,1390,1370,1370,1350,1370,1390,1400,1400,1400,1420,1450,1480,1490,1510,1520,1510,1500,1520,1510,1510,1470,1440,1410,1400,1380,1370,1350,1350,1350,1360,1340,1350,1340,1340,1330,1330,1330,1320,1310,1310,1300,1300,1290,1360,1370,1360,1370,1370,1360,1350
327,1180,1160,1140,1140,1130,1110,1100,1110,1120,1130,1110,1100,1080,1050,1030,1040,1040,1080,1120,1190,1200,1220,1230,1230,1220,1240,1270,1270,1270,1270,1290,1290,1320,1340,1320,1320,1330,1360,1370,1370,1380,1380,1380,1370,1390,1390,1390,1390,1400,1390,1390,1370,1370,1350,1370,1390,1400,1400,1400,1420,1450,1480,1490,1510,1520,1510,1500,1520,1510,1510,1470,1440,1410,1400,1380,1370,1350,1350,1350,1360,1340,1350,1340,1340,1330,1330,1330,1320,1310,1310,1300,1300,1290,1360,1370,1360,1370,1370,1360,1350,1350
328,1160,1140,1140,1130,1110,1100,1110,1120,1130,1110,1100,1080,1050,1030,1040,1040,1080,1120,1190,1200,1220,1230,1230,1220,1240,1270,1270,1270,1270,1290,1290,1320,1340,1320,1320,1330,1360,1370,1370,1380,1380,1380,1370,1390,1390,1390,1390,1400,1390,1390,1370,1370,1350,1370,1390,1400,1400,1400,1420,1450,1480,1490,1510,1520,1510,1500,1520,1510,1510,1470,1440,1410,1400,1380,1370,1350,1350,1350,1360,1340,1350,1340,1340,1330,1330,1330,1320,1310,1310,1300,1300,1290,1360,1370,1360,1370,1370,1360,1350,1350,1350
329,1140,1140,1130,1110,1100,1110,1120,1130,1110,1100,1080,1050,1030,1040,1040,1080,1120,1190,1200,1220,1230,1230,1220,1240,1270,1270,1270,1270,1290,1290,1320,1340,1320,1320,1330,1360,1370,1370,1380,1380,1380,1370,1390,1390,1390,1390,1400,1390,1390,1370,1370,1350,1370,1390,1400,1400,1400,1420,1450,1480,1490,1510,1520,1510,1500,1520,1510,1510,1470,1440,1410,1400,1380,1370,1350,1350,1350,1360,1340,1350,1340,1340,1330,1330,1330,1320,1310,1310,1300,1300,1290,1360,1370,1360,1370,1370,1360,1350,1350,1350,1340
330,1140,1130,1110,1100,1110,1120,1130,1110,1100,1080,1050,1030,1040,1040,1080,1120,1190,1200,1220,1230,1230,1220,1240,1270,1270,1270,1270,1290,1290,1320,1340,1320,1320,1330,1360,1370,1370,1380,1380,1380,1370,1390,1390,1390,1390,1400,1390,1390,1370,1370,1350,1370,1390,1400,1400,1400,1420,1450,1480,1490,1510,1520,1510,1500,1520,1510,1510,1470,1440,1410,1400,1380,1370,1350,1350,1350,1360,1340,1350,1340,1340,1330,1330,1330,1320,1310,1310,1300,1300,1290,1360,1370,1360,1370,1370,1360,1350,1350,1350,1340,1340
331,1130,1110,1100,1110,1120,1130,1110,1100,1080,1050,1030,1040,1040,1080,1120,1190,1200,1220,1230,1230,1220,1240,1270,1270,1270,1270,1290,1290,1320,1340,1320,1320,1330,1360,1370,1370,1380,1380,1380,1370,1390,1390,1390,1390,1400,1390,1390,1370,1370,1350,1370,1390,1400,1400,1400,1420,1450,1480,1490,1510,1520,1510,1500,1520,1510,1510,1470,1440,1410,1400,1380,1370,1350,1350,1350,1360,1340,1350,1340,1340,1330,1330,1330,1320,1310,1310,1300,1300,1290,1360,1370,1360,1370,1370,1360,1350,1350,1350,1340,1340,1340
332,1110,1100,1110,1120,1130,1110,1100,1080,1050,1030,1040,1040,1080,1120,1190,1200,1220,1230,1230,1220,1240,1270,1270,1270,1270,1290,1290,1320,1340,1320,1320,1330,1360,1370,1370,1380,1380,1380,1370,1390,1390,1390,1390,1400,1390,1390,1370,1370,1350,1370,1390,1400,1400,1400,1420,1450,1480,1490,1510,1520,1510,1500,1520,1510,1510,1470,1440,1410,1400,1380,1370,1350,1350,1350,1360,1340,1350,1340,1340,1330,1330,1330,1320,1310,1310,1300,1300,1290,1360,1370,1360,1370,1370,1360,1350,1350,1350,1340,1340,1340,1340
333,1100,1110,1120,1130,1110,1100,1080,1050,1030,1040,1040,1080,1120,1190,1200,1220,1230,1230,1220,1240,1270,1270,1270,1270,1290,1290,1320,1340,1320,1320,1330,1360,1370,1370,1380,1380,1380,1370,1390,1390,1390,1390,1400,1390,1390,1370,1370,1350,1370,1390,1400,1400,1400,1420,1450,1480,1490,1510,1520,1510,1500,1520,1510,1510,1470,1440,1410,1400,1380,1370,1350,1350,1350,1360,1340,1350,1340,1340,1330,1330,1330,1320,1310,1310,1300,1300,1290,1360,1370,1360,1370,1370,1360,1350,1350,1350,1340,1340,1340,1340,1360
334,1110,1120,1130,1110,1100,1080,1050,1030,1040,1040,1080,1120,1190,1200,1220,1230,1230,1220,1240,1270,1270,1270,1270,1290,1290,1320,1340,1320,1320,1330,1360,1370,1370,1380,1380,1380,1370,1390,1390,1390,1390,1400,1390,1390,1370,1370,1350,1370,1390,1400,1400,1400,1420,1450,1480,1490,1510,1520,1510,1500,1520,1510,1510,1470,1440,1410,1400,1380,1370,1350,1350,1350,1360,1340,1350,1340,1340,1330,1330,1330,1320,1310,1310,1300,1300,1290,1360,1370,1360,1370,1370,1360,1350,1350,1350,1340,1340,1340,1340,1360,1370
335,1120,1130,1110,1100,1080,1050,1030,1040,1040,1080,1120,1190,1200,1220,1230,1230,1220,1240,1270,1270,1270,1270,1290,1290,1320,1340,1320,1320,1330,1360,1370,1370,1380,1380,1380,1370,1390,1390,1390,1390,1400,1390,1390,1370,1370,1350,1370,1390,1400,1400,1400,1420,1450,1480,1490,1510,1520,1510,1500,1520,1510,1510,1470,1440,1410,1400,1380,1370,1350,1350,1350,1360,1340,1350,1340,1340,1330,1330,1330,1320,1310,1310,1300,1300,1290,1360,1370,1360,1370,1370,1360,1350,1350,1350,1340,1340,1340,1340,1360,1370,1380
336,1130,1110,1100,1080,1050,1030,1040,1040,1080,1120,1190,1200,1220,1230,1230,1220,1240,1270,1270,1270,1270,1290,1290,1320,1340,1320,1320,1330,1360,1370,1370,1380,1380,1380,1370,1390,1390,1390,1390,1400,1390,1390,1370,1370,1350,1370,1390,1400,1400,1400,1420,1450,1480,1490,1510,1520,1510,1500,1520,1510,1510,1470,1440,1410,1400,1380,1370,1350,1350,1350,1360,1340,1350,1340,1340,1330,1330,1330,1320,1310,1310,1300,1300,1290,1360,1370,1360,1370,1370,1360,1350,1350,1350,1340,1340,1340,1340,1360,1370,1380,1390
337,1110,1100,1080,1050,1030,1040,1040,1080,1120,1190,1200,1220,1230,1230,1220,1240,1270,1270,1270,1270,1290,1290,1320,1340,1320,1320,1330,1360,1370,1370,1380,1380,1380,1370,1390,1390,1390,1390,1400,1390,1390,1370,1370,1350,1370,1390,1400,1400,1400,1420,1450,1480,1490,1510,1520,1510,1500,1520,1510,1510,1470,1440,1410,1400,1380,1370,1350,1350,1350,1360,1340,1350,1340,1340,1330,1330,1330,1320,1310,1310,1300,1300,1290,1360,1370,1360,1370,1370,1360,1350,1350,1350,1340,1340,1340,1340,1360,1370,1380,1390,1390
338,1100,1080,1050,1030,1040,1040,1080,1120,1190,1200,1220,1230,1230,1220,1240,1270,1270,1270,1270,1290,1290,1320,1340,1320,1320,1330,1360,1370,1370,1380,1380,1380,1370,1390,1390,1390,1390,1400,1390,1390,1370,1370,1350,1370,1390,1400,1400,1400,1420,1450,1480,1490,1510,1520,1510,1500,1520,1510,1510,1470,1440,1410,1400,1380,1370,1350,1350,1350,1360,1340,1350,1340,1340,1330,1330,1330,1320,1310,1310,1300,1300,1290,1360,1370,1360,1370,1370,1360,1350,1350,1350,1340,1340,1340,1340,1360,1370,1380,1390,1390,1400
339,1080,1050,1030,1040,1040,1080,1120,1190,1200,1220,1230,1230,1220,1240,1270,1270,1270,1270,1290,1290,1320,1340,1320,1320,1330,1360,1370,1370,1380,1380,1380,1370,1390,1390,1390,1390,1400,1390,1390,1370,1370,1350,1370,1390,1400,1400,1400,1420,1450,1480,1490,1510,1520,1510,1500,1520,1510,1510,1470,1440,1410,1400,1380,1370,1350,1350,1350,1360,1340,1350,1340,1340,1330,1330,1330,1320,1310,1310,1300,1300,1290,1360,1370,1360,1370,1370,1360,1350,1350,1350,1340,1340,1340,1340,1360,1370,1380,1390,1390,1400,1440
340,1050,1030,1040,1040,1080,1120,1190,1200,1220,1230,1230,1220,1240,1270,1270,1270,1270,1290,1290,1320,1340,1320,1320,1330,1360,1370,1370,1380,1380,1380,1370,1390,1390,1390,1390,1400,1390,1390,1370,1370,1350,1370,1390,1400,1400,1400,1420,1450,1480,1490,1510,1520,1510,1500,1520,1510,1510,1470,1440,1410,1400,1380,1370,1350,1350,1350,1360,1340,1350,1340,1340,1330,1330,1330,1320,1310,1310,1300,1300,1290,1360,1370,1360,1370,1370,1360,1350,1350,1350,1340,1340,1340,1340,1360,1370,1380,1390,1390,1400,1440,1460
341,1030,1040,1040,1080,1120,1190,1200,1220,1230,1230,1220,1240,1270,1270,1270,1270,1290,1290,1320,1340,1320,1320,1330,1360,1370,1370,1380,1380,1380,1370,1390,1390,1390,1390,1400,1390,1390,1370,1370,1350,1370,1390,1400,1400,1400,1420,1450,1480,1490,1510,1520,1510,1500,1520,1510,1510,1470,1440,1410,1400,1380,1370,1350,1350,1350,1360,1340,1350,1340,1340,1330,1330,1330,1320,1310,1310,1300,1300,1290,1360,1370,1360,1370,1370,1360,1350,1350,1350,1340,1340,1340,1340,1360,1370,1380,1390,1390,1400,1440,1460,1500
342,1040,1040,1080,1120,1190,1200,1220,1230,1230,1220,1240,1270,1270,1270,1270,1290,1290,1320,1340,1320,1320,1330,1360,1370,1370,1380,1380,1380,1370,1390,1390,1390,1390,1400,1390,1390,1370,1370,1350,1370,1390,1400,1400,1400,1420,1450,1480,1490,1510,1520,1510,1500,1520,1510,1510,1470,1440,1410,1400,1380,1370,1350,1350,1350,1360,1340,1350,1340,1340,1330,1330,1330,1320,1310,1310,1300,1300,1290,1360,1370,1360,1370,1370,1360,1350,1350,1350,1340,1340,1340,1340,1360,1370,1380,1390,1390,1400,1440,1460,1500,1530
343,1040,1080,1120,1190,1200,1220,1230,1230,1220,1240,1270,1270,1270,1270,1290,1290,1320,1340,1320,1320,1330,1360,1370,1370,1380,1380,1380,1370,1390,1390,1390,1390,1400,1390,1390,1370,1370,1350,1370,1390,1400,1400,1400,1420,1450,1480,1490,1510,1520,1510,1500,1520,1510,1510,1470,1440,1410,1400,1380,1370,1350,1350,1350,1360,1340,1350,1340,1340,1330,1330,1330,1320,1310,1310,1300,1300,1290,1360,1370,1360,1370,1370,1360,1350,1350,1350,1340,1340,1340,1340,1360,1370,1380,1390,1390,1400,1440,1460,1500,1530,1560
344,1080,1120,1190,1200,1220,1230,1230,1220,1240,1270,1270,1270,1270,1290,1290,1320,1340,1320,1320,1330,1360,1370,1370,1380,1380,1380,1370,1390,1390,1390,1390,1400,1390,1390,1370,1370,1350,1370,1390,1400,1400,1400,1420,1450,1480,1490,1510,1520,1510,1500,1520,1510,1510,1470,1440,1410,1400,1380,1370,1350,1350,1350,1360,1340,1350,1340,1340,1330,1330,1330,1320,1310,1310,1300,1300,1290,1360,1370,1360,1370,1370,1360,1350,1350,1350,1340,1340,1340,1340,1360,1370,1380,1390,1390,1400,1440,1460,1500,1530,1560,1580
345,1120,1190,1200,1220,1230,1230,1220,1240,1270,1270,1270,1270,1290,1290,1320,1340,1320,1320,1330,1360,1370,1370,1380,1380,1380,1370,1390,1390,1390,1390,1400,1390,1390,1370,1370,1350,1370,1390,1400,1400,1400,1420,1450,1480,1490,1510,1520,1510,1500,1520,1510,1510,1470,1440,1410,1400,1380,1370,1350,1350,1350,1360,1340,1350,1340,1340,1330,1330,1330,1320,1310,1310,1300,1300,1290,1360,1370,1360,1370,1370,1360,1350,1350,1350,1340,1340,1340,1340,1360,1370,1380,1390,1390,1400,1440,1460,1500,1530,1560,1580,1590
346,1190,1200,1220,1230,1230,1220,1240,1270,1270,1270,1270,1290,1290,1320,1340,1320,1320,1330,1360,1370,1370,1380,1380,1380,1370,1390,1390,1390,1390,1400,1390,1390,1370,1370,1350,1370,1390,1400,1400,1400,1420,1450,1480,1490,1510,1520,1510,1500,1520,1510,1510,1470,1440,1410,1400,1380,1370,1350,1350,1350,1360,1340,1350,1340,1340,1330,1330,1330,1320,1310,1310,1300,1300,1290,1360,1370,1360,1370,1370,1360,1350,1350,1350,1340,1340,1340,1340,1360,1370,1380,1390,1390,1400,1440,1460,1500,1530,1560,1580,1590,1590
347,1200,1220,1230,1230,1220,1240,1270,1270,1270,1270,1290,1290,1320,1340,1320,1320,1330,1360,1370,1370,1380,1380,1380,1370,1390,1390,1390,1390,1400,1390,1390,1370,1370,1350,1370,1390,1400,1400,1400,1420,1450,1480,1490,1510,1520,1510,1500,1520,1510,1510,1470,1440,1410,1400,1380,1370,1350,1350,1350,1360,1340,1350,1340,1340,1330,1330,1330,1320,1310,1310,1300,1300,1290,1360,1370,1360,1370,1370,1360,1350,1350,1350,1340,1340,1340,1340,1360,1370,1380,1390,1390,1400,1440,1460,1500,1530,1560,1580,1590,1590,1620
348,1220,1230,1230,1220,1240,1270,1270,1270,1270,1290,1290,1320,1340,1320,1320,1330,1360,1370,1370,1380,1380,1380,1370,1390,1390,1390,1390,1400,1390,1390,1370,1370,1350,1370,1390,1400,1400,1400,1420,1450,1480,1490,1510,1520,1510,1500,1520,1510,1510,1470,1440,1410,1400,1380,1370,1350,1350,1350,1360,1340,1350,1340,1340,1330,1330,1330,1320,1310,1310,1300,1300,1290,1360,1370,1360,1370,1370,1360,1350,1350,1350,1340,1340,1340,1340,1360,1370,1380,1390,1390,1400,1440,1460,1500,1530,1560,1580,1590,1590,1620,1650
349,1230,1230,1220,1240,1270,1270,1270,1270,1290,1290,1320,1340,1320,1320,1330,1360,1370,1370,1380,1380,1380,1370,1390,1390,1390,1390,1400,1390,1390,1370,1370,1350,1370,1390,1400,1400,1400,1420,1450,1480,1490,1510,1520,1510,1500,1520,1510,1510,1470,1440,1410,1400,1380,1370,1350,1350,1350,1360,1340,1350,1340,1340,1330,1330,1330,1320,1310,1310,1300,1300,1290,1360,1370,1360,1370,1370,1360,1350,1350,1350,1340,1340,1340,1340,1360,1370,1380,1390,1390,1400,1440,1460,1500,1530,1560,1580,1590,1590,1620,1650,1670
350,1230,1220,1240,1270,1270,1270,1270,1290,1290,1320,1340,1320,1320,1330,1360,1370,1370,1380,1380,1380,1370,1390,1390,1390,1390,1400,1390,1390,1370,1370,1350,1370,1390,1400,1400,1400,1420,1450,1480,1490,1510,1520,1510,1500,1520,1510,1510,1470,1440,1410,1400,1380,1370,1350,1350,1350,1360,1340,1350,1340,1340,1330,1330,1330,1320,1310,1310,1300,1300,1290,1360,1370,1360,1370,1370,1360,1350,1350,1350,1340,1340,1340,1340,1360,1370,1380,1390,1390,1400,1440,1460,1500,1530,1560,1580,1590,1590,1620,1650,1670,1680
351,1220,1240,1270,1270,1270,1270,1290,1290,1320,1340,1320,1320,1330,1360,1370,1370,1380,1380,1380,1370,1390,1390,1390,1390,1400,1390,1390,1370,1370,1350,1370,1390,1400,1400,1400,1420,1450,1480,1490,1510,1520,1510,1500,1520,1510,1510,1470,1440,1410,1400,1380,1370,1350,1350,1350,1360,1340,1350,1340,1340,1330,1330,1330,1320,1310,1310,1300,1300,1290,1360,1370,1360,1370,1370,1360,1350,1350,1350,1340,1340,1340,1340,1360,1370,1380,1390,1390,1400,1440,1460,1500,1530,1560,1580,1590,1590,1620,1650,1670,1680,1700
352,1240,1270,1270,1270,1270,1290,1290,1320,1340,1320,1320,1330,1360,1370,1370,1380,1380,1380,1370,1390,1390,1390,1390,1400,1390,1390,1370,1370,1350,1370,1390,1400,1400,1400,1420,1450,1480,1490,1510,1520,1510,1500,1520,1510,1510,1470,1440,1410,1400,1380,1370,1350,1350,1350,1360,1340,1350,1340,1340,1330,1330,1330,1320,1310,1310,1300,1300,1290,1360,1370,1360,1370,1370,1360,1350,1350,1350,1340,1340,1340,1340,1360,1370,1380,1390,1390,1400,1440,1460,1500,1530,1560,1580,1590,1590,1620,1650,1670,1680,1700,1700
353,1270,1270,1270,1270,1290,1290,1320,1340,1320,1320,1330,1360,1370,1370,1380,1380,1380,1370,1390,1390,1390,1390,1400,1390,1390,1370,1370,1350,1370,1390,1400,1400,1400,1420,1450,1480,1490,1510,1520,1510,1500,1520,1510,1510,1470,1440,1410,1400,1380,1370,1350,1350,1350,1360,1340,1350,1340,1340,1330,1330,1330,1320,1310,1310,1300,1300,1290,1360,1370,1360,1370,1370,1360,1350,1350,1350,1340,1340,1340,1340,1360,1370,1380,1390,1390,1400,1440,1460,1500,1530,1560,1580,1590,1590,1620,1650,1670,1680,1700,1700,1700
354,1270,1270,1270,1290,1290,1320,1340,1320,1320,1330,1360,1370,1370,1380,1380,1380,1370,1390,1390,1390,1390,1400,1390,1390,1370,1370,1350,1370,1390,1400,1400,1400,1420,1450,1480,1490,1510,1520,1510,1500,1520,1510,1510,1470,1440,1410,1400,1380,1370,1350,1350,1350,1360,1340,1350,1340,1340,1330,1330,1330,1320,1310,1310,1300,1300,1290,1360,1370,1360,1370,1370,1360,1350,1350,1350,1340,1340,1340,1340,1360,1370,1380,1390,1390,1400,1440,1460,1500,1530,1560,1580,1590,1590,1620,1650,1670,1680,1700,1700,1700,1700
355,1270,1270,1290,1290,1320,1340,1320,1320,1330,1360,1370,1370,1380,1380,1380,1370,1390,1390,1390,1390,1400,1390,1390,1370,1370,1350,1370,1390,1400,1400,1400,1420,1450,1480,1490,1510,1520,1510,1500,1520,1510,1510,1470,1440,1410,1400,1380,1370,1350,1350,1350,1360,1340,1350,1340,1340,1330,1330,1330,1320,1310,1310,1300,1300,1290,1360,1370,1360,1370,1370,1360,1350,1350,1350,1340,1340,1340,1340,1360,1370,1380,1390,1390,1400,1440,1460,1500,1530,1560,1580,1590,1590,1620,1650,1670,1680,1700,1700,1700,1700,1710
356,1270,1290,1290,1320,1340,1320,1320,1330,1360,1370,1370,1380,1380,1380,1370,1390,1390,1390,1390,1400,1390,1390,1370,1370,1350,1370,1390,1400,1400,1400,1420,1450,1480,1490,1510,1520,1510,1500,1520,1510,1510,1470,1440,1410,1400,1380,1370,1350,1350,1350,1360,1340,1350,1340,1340,1330,1330,1330,1320,1310,1310,1300,1300,1290,1360,1370,1360,1370,1370,1360,1350,1350,1350,1340,1340,1340,1340,1360,1370,1380,1390,1390,1400,1440,1460,1500,1530,1560,1580,1590,1590,1620,1650,1670,1680,1700,1700,1700,1700,1710,1720
357,1290,1290,1320,1340,1320,1320,1330,1360,1370,1370,1380,1380,1380,1370,1390,1390,1390,1390,1400,1390,1390,1370,1370,1350,1370,1390,1400,1400,1400,1420,1450,1480,1490,1510,1520,1510,1500,1520,1510,1510,1470,1440,1410,1400,1380,1370,1350,1350,1350,1360,1340,1350,1340,1340,1330,1330,1330,1320,1310,1310,1300,1300,1290,1360,1370,1360,1370,1370,1360,1350,1350,1350,1340,1340,1340,1340,1360,1370,1380,1390,1390,1400,1440,1460,1500,1530,1560,1580,1590,1590,1620,1650,1670,1680,1700,1700,1700,1700,1710,1720,1720
358,1290,1320,1340,1320,1320,1330,1360,1370,1370,1380,1380,1380,1370,1390,1390,1390,1390,1400,1390,1390,1370,1370,1350,1370,1390,1400,1400,1400,1420,1450,1480,1490,1510,1520,1510,1500,1520,1510,1510,1470,1440,1410,1400,1380,1370,1350,1350,1350,1360,1340,1350,1340,1340,1330,1330,1330,1320,1310,1310,1300,1300,1290,1360,1370,1360,1370,1370,1360,1350,1350,1350,1340,1340,1340,1340,1360,1370,1380,1390,1390,1400,1440,1460,1500,1530,1560,1580,1590,1590,1620,1650,1670,1680,1700,1700,1700,1700,1710,1720,1720,1730
359,1320,1340,1320,1320,1330,1360,1370,1370,1380,1380,1380,1370,1390,1390,1390,1390,1400,1390,1390,1370,1370,1350,1370,1390,1400,1400,1400,1420,1450,1480,1490,1510,1520,1510,1500,1520,1510,1510,1470,1440,1410,1400,1380,1370,1350,1350,1350,1360,1340,1350,1340,1340,1330,1330,1330,1320,1310,1310,1300,1300,1290,1360,1370,1360,1370,1370,1360,1350,1350,1350,1340,1340,1340,1340,1360,1370,1380,1390,1390,1400,1440,1460,1500,1530,1560,1580,1590,1590,1620,1650,1670,1680,1700,1700,1700,1700,1710,1720,1720,1730,1740
360,1340,1320,1320,1330,1360,1370,1370,1380,1380,1380,1370,1390,1390,1390,1390,1400,1390,1390,1370,1370,1350,1370,1390,1400,1400,1400,1420,1450,1480,1490,1510,1520,1510,1500,1520,1510,1510,1470,1440,1410,1400,1380,1370,1350,1350,1350,1360,1340,1350,1340,1340,1330,1330,1330,1320,1310,1310,1300,1300,1290,1360,1370,1360,1370,1370,1360,1350,1350,1350,1340,1340,1340,1340,1360,1370,1380,1390,1390,1400,1440,1460,1500,1530,1560,1580,1590,1590,1620,1650,1670,1680,1700,1700,1700,1700,1710,1720,1720,1730,1740,1750
361,1320,1320,1330,1360,1370,1370,1380,1380,1380,1370,1390,1390,1390,1390,1400,1390,1390,1370,1370,1350,1370,1390,1400,1400,1400,1420,1450,1480,1490,1510,1520,1510,1500,1520,1510,1510,1470,1440,1410,1400,1380,1370,1350,1350,1350,1360,1340,1350,1340,1340,1330,1330,1330,1320,1310,1310,1300,1300,1290,1360,1370,1360,1370,1370,1360,1350,1350,1350,1340,1340,1340,1340,1360,1370,1380,1390,1390,1400,1440,1460,1500,1530,1560,1580,1590,1590,1620,1650,1670,1680,1700,1700,1700,1700,1710,1720,1720,1730,1740,1750,1770
362,1320,1330,1360,1370,1370,1380,1380,1380,1370,1390,1390,1390,1390,1400,1390,1390,1370,1370,1350,1370,1390,1400,1400,1400,1420,1450,1480,1490,1510,1520,1510,1500,1520,1510,1510,1470,1440,1410,1400,1380,1370,1350,1350,1350,1360,1340,1350,1340,1340,1330,1330,1330,1320,1310,1310,1300,1300,1290,1360,1370,1360,1370,1370,1360,1350,1350,1350,1340,1340,1340,1340,1360,1370,1380,1390,1390,1400,1440,1460,1500,1530,1560,1580,1590,1590,1620,1650,1670,1680,1700,1700,1700,1700,1710,1720,1720,1730,1740,1750,1770,1780
363,1330,1360,1370,1370,1380,1380,1380,1370,1390,1390,1390,1390,1400,1390,1390,1370,1370,1350,1370,1390,1400,1400,1400,1420,1450,1480,1490,1510,1520,1510,1500,1520,1510,1510,1470,1440,1410,1400,1380,1370,1350,1350,1350,1360,1340,1350,1340,1340,1330,1330,1330,1320,1310,1310,1300,1300,1290,1360,1370,1360,1370,1370,1360,1350,1350,1350,1340,1340,1340,1340,1360,1370,1380,1390,1390,1400,1440,1460,1500,1530,1560,1580,1590,1590,1620,1650,1670,1680,1700,1700,1700,1700,1710,1720,1720,1730,1740,1750,1770,1780,1790
364,1360,1370,1370,1380,1380,1380,1370,1390,1390,1390,1390,1400,1390,1390,1370,1370,1350,1370,1390,1400,1400,1400,1420,1450,1480,1490,1510,1520,1510,1500,1520,1510,1510,1470,1440,1410,1400,1380,1370,1350,1350,1350,1360,1340,1350,1340,1340,1330,1330,1330,1320,1310,1310,1300,1300,1290,1360,1370,1360,1370,1370,1360,1350,1350,1350,1340,1340,1340,1340,1360,1370,1380,1390,1390,1400,1440,1460,1500,1530,1560,1580,1590,1590,1620,1650,1670,1680,1700,1700,1700,1700,1710,1720,1720,1730,1740,1750,1770,1780,1790,1790
365,1370,1370,1380,1380,1380,1370,1390,1390,1390,1390,1400,1390,1390,1370,1370,1350,1370,1390,1400,1400,1400,1420,1450,1480,1490,1510,1520,1510,1500,1520,1510,1510,1470,1440,1410,1400,1380,1370,1350,1350,1350,1360,1340,1350,1340,1340,1330,1330,1330,1320,1310,1310,1300,1300,1290,1360,1370,1360,1370,1370,1360,1350,1350,1350,1340,1340,1340,1340,1360,1370,1380,1390,1390,1400,1440,1460,1500,1530,1560,1580,1590,1590,1620,1650,1670,1680,1700,1700,1700,1700,1710,1720,1720,1730,1740,1750,1770,1780,1790,1790,1790
366,1370,1380,1380,1380,1370,1390,1390,1390,1390,1400,1390,1390,1370,1370,1350,1370,1390,1400,1400,1400,1420,1450,1480,1490,1510,1520,1510,1500,1520,1510,1510,1470,1440,1410,1400,1380,1370,1350,1350,1350,1360,1340,1350,1340,1340,1330,1330,1330,1320,1310,1310,1300,1300,1290,1360,1370,1360,1370,1370,1360,1350,1350,1350,1340,1340,1340,1340,1360,1370,1380,1390,1390,1400,1440,1460,1500,1530,1560,1580,1590,1590,1620,1650,1670,1680,1700,1700,1700,1700,1710,1720,1720,1730,1740,1750,1770,1780,1790,1790,1790,1780
367,1380,1380,1380,1370,1390,1390,1390,1390,1400,1390,1390,1370,1370,1350,1370,1390,1400,1400,1400,1420,1450,1480,1490,1510,1520,1510,1500,1520,1510,1510,1470,1440,1410,1400,1380,1370,1350,1350,1350,1360,1340,1350,1340,1340,1330,1330,1330,1320,1310,1310,1300,1300,1290,1360,1370,1360,1370,1370,1360,1350,1350,1350,1340,1340,1340,1340,1360,1370,1380,1390,1390,1400,1440,1460,1500,1530,1560,1580,1590,1590,1620,1650,1670,1680,1700,1700,1700,1700,1710,1720,1720,1730,1740,1750,1770,1780,1790,1790,1790,1780,1780
368,1380,1380,1370,1390,1390,1390,1390,1400,1390,1390,1370,1370,1350,1370,1390,1400,1400,1400,1420,1450,1480,1490,1510,1520,1510,1500,1520,1510,1510,1470,1440,1410,1400,1380,1370,1350,1350,1350,1360,1340,1350,1340,1340,1330,1330,1330,1320,1310,1310,1300,1300,1290,1360,1370,1360,1370,1370,1360,1350,1350,1350,1340,1340,1340,1340,1360,1370,1380,1390,1390,1400,1440,1460,1500,1530,1560,1580,1590,1590,1620,1650,1670,1680,1700,1700,1700,1700,1710,1720,1720,1730,1740,1750,1770,1780,1790,1790,1790,1780,1780,1780
369,1380,1370,1390,1390,1390,1390,1400,1390,1390,1370,1370,1350,1370,1390,1400,1400,1400,1420,1450,1480,1490,1510,1520,1510,1500,1520,1510,1510,1470,1440,1410,1400,1380,1370,1350,1350,1350,1360,1340,1350,1340,1340,1330,1330,1330,1320,1310,1310,1300,1300,1290,1360,1370,1360,1370,1370,1360,1350,1350,1350,1340,1340,1340,1340,1360,1370,1380,1390,1390,1400,1440,1460,1500,1530,1560,1580,1590,1590,1620,1650,1670,1680,1700,1700,1700,1700,1710,1720,1720,1730,1740,1750,1770,1780,1790,1790,1790,1780,1780,1780,1780
370,1370,1390,1390,1390,1390,1400,1390,1390,1370,1370,1350,1370,1390,1400,1400,1400,1420,1450,1480,1490,1510,1520,1510,1500,1520,1510,1510,1470,1440,1410,1400,1380,1370,1350,1350,1350,1360,1340,1350,1340,1340,1330,1330,1330,1320,1310,1310,1300,1300,1290,1360,1370,1360,1370,1370,1360,1350,1350,1350,1340,1340,1340,1340,1360,1370,1380,1390,1390,1400,1440,1460,1500,1530,1560,1580,1590,1590,1620,1650,1670,1680,1700,1700,1700,1700,1710,1720,1720,1730,1740,1750,1770,1780,1790,1790,1790,1780,1780,1780,1780,1770
371,1390,1390,1390,1390,1400,1390,1390,1370,1370,1350,1370,1390,1400,1400,1400,1420,1450,1480,1490,1510,1520,1510,1500,1520,1510,1510,1470,1440,1410,1400,1380,1370,1350,1350,1350,1360,1340,1350,1340,1340,1330,1330,1330,1320,1310,1310,1300,1300,1290,1360,1370,1360,1370,1370,1360,1350,1350,1350,1340,1340,1340,1340,1360,1370,1380,1390,1390,1400,1440,1460,1500,1530,1560,1580,1590,1590,1620,1650,1670,1680,1700,1700,1700,1700,1710,1720,1720,1730,1740,1750,1770,1780,1790,1790,1790,1780,1780,1780,1780,1770,1780
372,1390,1390,1390,1400,1390,1390,1370,1370,1350,1370,1390,1400,1400,1400,1420,1450,1480,1490,1510,1520,1510,1500,1520,1510,1510,1470,1440,1410,1400,1380,1370,1350,1350,1350,1360,1340,1350,1340,1340,1330,1330,1330,1320,1310,1310,1300,1300,1290,1360,1370,1360,1370,1370,1360,1350,1350,1350,1340,1340,1340,1340,1360,1370,1380,1390,1390,1400,1440,1460,1500,1530,1560,1580,1590,1590,1620,1650,1670,1680,1700,1700,1700,1700,1710,1720,1720,1730,1740,1750,1770,1780,1790,1790,1790,1780,1780,1780,1780,1770,1780,1780
373,1390,1390,1400,1390,1390,1370,1370,1350,1370,1390,1400,1400,1400,1420,1450,1480,1490,1510,1520,1510,1500,1520,1510,1510,1470,1440,1410,1400,1380,1370,1350,1350,1350,1360,1340,1350,1340,1340,1330,1330,1330,1320,1310,1310,1300,1300,1290,1360,1370,1360,1370,1370,1360,1350,1350,1350,1340,1340,1340,1340,1360,1370,1380,1390,1390,1400,1440,1460,1500,1530,1560,1580,1590,1590,1620,1650,1670,1680,1700,1700,1700,1700,1710,1720,1720,1730,1740,1750,1770,1780,1790,1790,1790,1780,1780,1780,1780,1770,1780,1780,1780
374,1390,1400,1390,1390,1370,1370,1350,1370,1390,1400,1400,1400,1420,1450,1480,1490,1510,1520,1510,1500,1520,1510,1510,1470,1440,1410,1400,1380,1370,1350,1350,1350,1360,1340,1350,1340,1340,1330,1330,1330,1320,1310,1310,1300,1300,1290,1360,1370,1360,1370,1370,1360,1350,1350,1350,1340,1340,1340,1340,1360,1370,1380,1390,1390,1400,1440,1460,1500,1530,1560,1580,1590,1590,1620,1650,1670,1680,1700,1700,1700,1700,1710,1720,1720,1730,1740,1750,1770,1780,1790,1790,1790,1780,1780,1780,1780,1770,1780,1780,1780,1790
375,1400,1390,1390,1370,1370,1350,1370,1390,1400,1400,1400,1420,1450,1480,1490,1510,1520,1510,1500,1520,1510,1510,1470,1440,1410,1400,1380,1370,1350,1350,1350,1360,1340,1350,1340,1340,1330,1330,1330,1320,1310,1310,1300,1300,1290,1360,1370,1360,1370,1370,1360,1350,1350,1350,1340,1340,1340,1340,1360,1370,1380,1390,1390,1400,1440,1460,1500,1530,1560,1580,1590,1590,1620,1650,1670,1680,1700,1700,1700,1700,1710,1720,1720,1730,1740,1750,1770,1780,1790,1790,1790,1780,1780,1780,1780,1770,1780,1780,1780,1790,1790
376,1390,1390,1370,1370,1350,1370,1390,1400,1400,1400,1420,1450,1480,1490,1510,1520,1510,1500,1520,1510,1510,1470,1440,1410,1400,1380,1370,1350,1350,1350,1360,1340,1350,1340,1340,1330,1330,1330,1320,1310,1310,1300,1300,1290,1360,1370,1360,1370,1370,1360,1350,1350,1350,1340,1340,1340,1340,1360,1370,1380,1390,1390,1400,1440,1460,1500,1530,1560,1580,1590,1590,1620,1650,1670,1680,1700,1700,1700,1700,1710,1720,1720,1730,1740,1750,1770,1780,1790,1790,1790,1780,1780,1780,1780,1770,1780,1780,1780,1790,1790,1790
377,1390,1370,1370,1350,1370,1390,1400,1400,1400,1420,1450,1480,1490,1510,1520,1510,1500,1520,1510,1510,1470,1440,1410,1400,1380,1370,1350,1350,1350,1360,1340,1350,1340,1340,1330,1330,1330,1320,1310,1310,1300,1300,1290,1360,1370,1360,1370,1370,1360,1350,1350,1350,1340,1340,1340,1340,1360,1370,1380,1390,1390,1400,1440,1460,1500,1530,1560,1580,1590,1590,1620,1650,1670,1680,1700,1700,1700,1700,1710,1720,1720,1730,1740,1750,1770,1780,1790,1790,1790,1780,1780,1780,1780,1770,1780,1780,1780,1790,1790,1790,1800
378,1370,1370,1350,1370,1390,1400,1400,1400,1420,1450,1480,1490,1510,1520,1510,1500,1520,1510,1510,1470,1440,1410,1400,1380,1370,1350,1350,1350,1360,1340,1350,1340,1340,1330,1330,1330,1320,1310,1310,1300,1300,1290,1360,1370,1360,1370,1370,1360,1350,1350,1350,1340,1340,1340,1340,1360,1370,1380,1390,1390,1400,1440,1460,1500,1530,1560,1580,1590,1590,1620,1650,1670,1680,1700,1700,1700,1700,1710,1720,1720,1730,1740,1750,1770,1780,1790,1790,1790,1780,1780,1780,1780,1770,1780,1780,1780,1790,1790,1790,1800,1790
379,1370,1350,1370,1390,1400,1400,1400,1420,1450,1480,1490,1510,1520,1510,1500,1520,1510,1510,1470,1440,1410,1400,1380,1370,1350,1350,1350,1360,1340,1350,1340,1340,1330,1330,1330,1320,1310,1310,1300,1300,1290,1360,1370,1360,1370,1370,1360,1350,1350,1350,1340,1340,1340,1340,1360,1370,1380,1390,1390,1400,1440,1460,1500,1530,1560,1580,1590,1590,1620,1650,1670,1680,1700,1700,1700,1700,1710,1720,1720,1730,1740,1750,1770,1780,1790,1790,1790,1780,1780,1780,1780,1770,1780,1780,1780,1790,1790,1790,1800,1790,1790
380,1350,1370,1390,1400,1400,1400,1420,1450,1480,1490,1510,1520,1510,1500,1520,1510,1510,1470,1440,1410,1400,1380,1370,1350,1350,1350,1360,1340,1350,1340,1340,1330,1330,1330,1320,1310,1310,1300,1300,1290,1360,1370,1360,1370,1370,1360,1350,1350,1350,1340,1340,1340,1340,1360,1370,1380,1390,1390,1400,1440,1460,1500,1530,1560,1580,1590,1590,1620,1650,1670,1680,1700,1700,1700,1700,1710,1720,1720,1730,1740,1750,1770,1780,1790,1790,1790,1780,1780,1780,1780,1770,1780,1780,1780,1790,1790,1790,1800,1790,1790,1790
381,1370,1390,1400,1400,1400,1420,1450,1480,1490,1510,1520,1510,1500,1520,1510,1510,1470,1440,1410,1400,1380,1370,1350,1350,1350,1360,1340,1350,1340,1340,1330,1330,1330,1320,1310,1310,1300,1300,1290,1360,1370,1360,1370,1370,1360,1350,1350,1350,1340,1340,1340,1340,1360,1370,1380,1390,1390,1400,1440,1460,1500,1530,1560,1580,1590,1590,1620,1650,1670,1680,1700,1700,1700,1700,1710,1720,1720,1730,1740,1750,1770,1780,1790,1790,1790,1780,1780,1780,1780,1770,1780,1780,1780,1790,1790,1790,1800,1790,1790,1790,1790
382,1390,1400,1400,1400,1420,1450,1480,1490,1510,1520,1510,1500,1520,1510,1510,1470,1440,1410,1400,1380,1370,1350,1350,1350,1360,1340,1350,1340,1340,1330,1330,1330,1320,1310,1310,1300,1300,1290,1360,1370,1360,1370,1370,1360,1350,1350,1350,1340,1340,1340,1340,1360,1370,1380,1390,1390,1400,1440,1460,1500,1530,1560,1580,1590,1590,1620,1650,1670,1680,1700,1700,1700,1700,1710,1720,1720,1730,1740,1750,1770,1780,1790,1790,1790,1780,1780,1780,1780,1770,1780,1780,1780,1790,1790,1790,1800,1790,1790,1790,1790,1800
383,1400,1400,1400,1420,1450,1480,1490,1510,1520,1510,1500,1520,1510,1510,1470,1440,1410,1400,1380,1370,1350,1350,1350,1360,1340,1350,1340,1340,1330,1330,1330,1320,1310,1310,1300,1300,1290,1360,1370,1360,1370,1370,1360,1350,1350,1350,1340,1340,1340,1340,1360,1370,1380,1390,1390,1400,1440,1460,1500,1530,1560,1580,1590,1590,1620,1650,1670,1680,1700,1700,1700,1700,1710,1720,1720,1730,1740,1750,1770,1780,1790,1790,1790,1780,1780,1780,1780,1770,1780,1780,1780,1790,1790,1790,1800,1790,1790,1790,1790,1800,1800
384,1400,1400,1420,1450,1480,1490,1510,1520,1510,1500,1520,1510,1510,1470,1440,1410,1400,1380,1370,1350,1350,1350,1360,1340,1350,1340,1340,1330,1330,1330,1320,1310,1310,1300,1300,1290,1360,1370,1360,1370,1370,1360,1350,1350,1350,1340,1340,1340,1340,1360,1370,1380,1390,1390,1400,1440,1460,1500,1530,1560,1580,1590,1590,1620,1650,1670,1680,1700,1700,1700,1700,1710,1720,1720,1730,1740,1750,1770,1780,1790,1790,1790,1780,1780,1780,1780,1770,1780,1780,1780,1790,1790,1790,1800,1790,1790,1790,1790,1800,1800,1810
385,1400,1420,1450,1480,1490,1510,1520,1510,1500,1520,1510,1510,1470,1440,1410,1400,1380,1370,1350,1350,1350,1360,1340,1350,1340,1340,1330,1330,1330,1320,1310,1310,1300,1300,1290,1360,1370,1360,1370,1370,1360,1350,1350,1350,1340,1340,1340,1340,1360,1370,1380,1390,1390,1400,1440,1460,1500,1530,1560,1580,1590,1590,1620,1650,1670,1680,1700,1700,1700,1700,1710,1720,1720,1730,1740,1750,1770,1780,1790,1790,1790,1780,1780,1780,1780,1770,1780,1780,1780,1790,1790,1790,1800,1790,1790,1790,1790,1800,1800,1810,1810
386,1420,1450,1480,1490,1510,1520,1510,1500,1520,1510,1510,1470,1440,1410,1400,1380,1370,1350,1350,1350,1360,1340,1350,1340,1340,1330,1330,1330,1320,1310,1310,1300,1300,1290,1360,1370,1360,1370,1370,1360,1350,1350,1350,1340,1340,1340,1340,1360,1370,1380,1390,1390,1400,1440,1460,1500,1530,1560,1580,1590,1590,1620,1650,1670,1680,1700,1700,1700,1700,1710,1720,1720,1730,1740,1750,1770,1780,1790,1790,1790,1780,1780,1780,1780,1770,1780,1780,1780,1790,1790,1790,1800,1790,1790,1790,1790,1800,1800,1810,1810,1810
387,1450,1480,1490,1510,1520,1510,1500,1520,1510,1510,1470,1440,1410,1400,1380,1370,1350,1350,1350,1360,1340,1350,1340,1340,1330,1330,1330,1320,1310,1310,1300,1300,1290,1360,1370,1360,1370,1370,1360,1350,1350,1350,1340,1340,1340,1340,1360,1370,1380,1390,1390,1400,1440,1460,1500,1530,1560,1580,1590,1590,1620,1650,1670,1680,1700,1700,1700,1700,1710,1720,1720,1730,1740,1750,1770,1780,1790,1790,1790,1780,1780,1780,1780,1770,1780,1780,1780,1790,1790,1790,1800,1790,1790,1790,1790,1800,1800,1810,1810,1810,1820
388,1480,1490,1510,1520,1510,1500,1520,1510,1510,1470,1440,1410,1400,1380,1370,1350,1350,1350,1360,1340,1350,1340,1340,1330,1330,1330,1320,1310,1310,1300,1300,1290,1360,1370,1360,1370,1370,1360,1350,1350,1350,1340,1340,1340,1340,1360,1370,1380,1390,1390,1400,1440,1460,1500,1530,1560,1580,1590,1590,1620,1650,1670,1680,1700,1700,1700,1700,1710,1720,1720,1730,1740,1750,1770,1780,1790,1790,1790,1780,1780,1780,1780,1770,1780,1780,1780,1790,1790,1790,1800,1790,1790,1790,1790,1800,1800,1810,1810,1810,1820,1830
389,1490,1510,1520,1510,1500,1520,1510,1510,1470,1440,1410,1400,1380,1370,1350,1350,1350,1360,1340,1350,1340,1340,1330,1330,1330,1320,1310,1310,1300,1300,1290,1360,1370,1360,1370,1370,1360,1350,1350,1350,1340,1340,1340,1340,1360,1370,1380,1390,1390,1400,1440,1460,1500,1530,1560,1580,1590,1590,1620,1650,1670,1680,1700,1700,1700,1700,1710,1720,1720,1730,1740,1750,1770,1780,1790,1790,1790,1780,1780,1780,1780,1770,1780,1780,1780,1790,1790,1790,1800,1790,1790,1790,1790,1800,1800,1810,1810,1810,1820,1830,1830
390,1510,1520,1510,1500,1520,1510,1510,1470,1440,1410,1400,1380,1370,1350,1350,1350,1360,1340,1350,1340,1340,1330,1330,1330,1320,1310,1310,1300,1300,1290,1360,1370,1360,1370,1370,1360,1350,1350,1350,1340,1340,1340,1340,1360,1370,1380,1390,1390,1400,1440,1460,1500,1530,1560,1580,1590,1590,1620,1650,1670,1680,1700,1700,1700,1700,1710,1720,1720,1730,1740,1750,1770,1780,1790,1790,1790,1780,1780,1780,1780,1770,1780,1780,1780,1790,1790,1790,1800,1790,1790,1790,1790,1800,1800,1810,1810,1810,1820,1830,1830,1830
391,1520,1510,1500,1520,1510,1510,1470,1440,1410,1400,1380,1370,1350,1350,1350,1360,1340,1350,1340,1340,1330,1330,1330,1320,1310,1310,1300,1300,1290,1360,1370,1360,1370,1370,1360,1350,1350,1350,1340,1340,1340,1340,1360,1370,1380,1390,1390,1400,1440,1460,1500,1530,1560,1580,1590,1590,1620,1650,1670,1680,1700,1700,1700,1700,1710,1720,1720,1730,1740,1750,1770,1780,1790,1790,1790,1780,1780,1780,1780,1770,1780,1780,1780,1790,1790,1790,1800,1790,1790,1790,1790,1800,1800,1810,1810,1810,1820,1830,1830,1830,1820
392,1510,1500,1520,1510,1510,1470,1440,1410,1400,1380,1370,1350,1350,1350,1360,1340,1350,1340,1340,1330,1330,1330,1320,1310,1310,1300,1300,1290,1360,1370,1360,1370,1370,1360,1350,1350,1350,1340,1340,1340,1340,1360,1370,1380,1390,1390,1400,1440,1460,1500,1530,1560,1580,1590,1590,1620,1650,1670,1680,1700,1700,1700,1700,1710,1720,1720,1730,1740,1750,1770,1780,1790,1790,1790,1780,1780,1780,1780,1770,1780,1780,1780,1790,1790,1790,1800,1790,1790,1790,1790,1800,1800,1810,1810,1810,1820,1830,1830,1830,1820,1810
393,1500,1520,1510,1510,1470,1440,1410,1400,1380,1370,1350,1350,1350,1360,1340,1350,1340,1340,1330,1330,1330,1320,1310,1310,1300,1300,1290,1360,1370,1360,1370,1370,1360,1350,1350,1350,1340,1340,1340,1340,1360,1370,1380,1390,1390,1400,1440,1460,1500,1530,1560,1580,1590,1590,1620,1650,1670,1680,1700,1700,1700,1700,1710,1720,1720,1730,1740,1750,1770,1780,1790,1790,1790,1780,1780,1780,1780,1770,1780,1780,1780,1790,1790,1790,1800,1790,1790,1790,1790,1800,1800,1810,1810,1810,1820,1830,1830,1830,1820,1810,1820
394,1520,1510,1510,1470,1440,1410,1400,1380,1370,1350,1350,1350,1360,1340,1350,1340,1340,1330,1330,1330,1320,1310,1310,1300,1300,1290,1360,1370,1360,1370,1370,1360,1350,1350,1350,1340,1340,1340,1340,1360,1370,1380,1390,1390,1400,1440,1460,1500,1530,1560,1580,1590,1590,1620,1650,1670,1680,1700,1700,1700,1700,1710,1720,1720,1730,1740,1750,1770,1780,1790,1790,1790,1780,1780,1780,1780,1770,1780,1780,1780,1790,1790,1790,1800,1790,1790,1790,1790,1800,1800,1810,1810,1810,1820,1830,1830,1830,1820,1810,1820,1840
395,1510,1510,1470,1440,1410,1400,1380,1370,1350,1350,1350,1360,1340,1350,1340,1340,1330,1330,1330,1320,1310,1310,1300,1300,1290,1360,1370,1360,1370,1370,1360,1350,1350,1350,1340,1340,1340,1340,1360,1370,1380,1390,1390,1400,1440,1460,1500,1530,1560,1580,1590,1590,1620,1650,1670,1680,1700,1700,1700,1700,1710,1720,1720,1730,1740,1750,1770,1780,1790,1790,1790,1780,1780,1780,1780,1770,1780,1780,1780,1790,1790,1790,1800,1790,1790,1790,1790,1800,1800,1810,1810,1810,1820,1830,1830,1830,1820,1810,1820,1840,1840
396,1510,1470,1440,1410,1400,1380,1370,1350,1350,1350,1360,1340,1350,1340,1340,1330,1330,1330,1320,1310,1310,1300,1300,1290,1360,1370,1360,1370,1370,1360,1350,1350,1350,1340,1340,1340,1340,1360,1370,1380,1390,1390,1400,1440,1460,1500,1530,1560,1580,1590,1590,1620,1650,1670,1680,1700,1700,1700,1700,1710,1720,1720,1730,1740,1750,1770,1780,1790,1790,1790,1780,1780,1780,1780,1770,1780,1780,1780,1790,1790,1790,1800,1790,1790,1790,1790,1800,1800,1810,1810,1810,1820,1830,1830,1830,1820,1810,1820,1840,1840,1840
397,1470,1440,1410,1400,1380,1370,1350,1350,1350,1360,1340,1350,1340,1340,1330,1330,1330,1320,1310,1310,1300,1300,1290,1360,1370,1360,1370,1370,1360,1350,1350,1350,1340,1340,1340,1340,1360,1370,1380,1390,1390,1400,1440,1460,1500,1530,1560,1580,1590,1590,1620,1650,1670,1680,1700,1700,1700,1700,1710,1720,1720,1730,1740,1750,1770,1780,1790,1790,1790,1780,1780,1780,1780,1770,1780,1780,1780,1790,1790,1790,1800,1790,1790,1790,1790,1800,1800,1810,1810,1810,1820,1830,1830,1830,1820,1810,1820,1840,1840,1840,1850
398,1440,1410,1400,1380,1370,1350,1350,1350,1360,1340,1350,1340,1340,1330,1330,1330,1320,1310,1310,1300,1300,1290,1360,1370,1360,1370,1370,1360,1350,1350,1350,1340,1340,1340,1340,1360,1370,1380,1390,1390,1400,1440,1460,1500,1530,1560,1580,1590,1590,1620,1650,1670,1680,1700,1700,1700,1700,1710,1720,1720,1730,1740,1750,1770,1780,1790,1790,1790,1780,1780,1780,1780,1770,1780,1780,1780,1790,1790,1790,1800,1790,1790,1790,1790,1800,1800,1810,1810,1810,1820,1830,1830,1830,1820,1810,1820,1840,1840,1840,1850,1880
399,1410,1400,1380,1370,1350,1350,1350,1360,1340,1350,1340,1340,1330,1330,1330,1320,1310,1310,1300,1300,1290,1360,1370,1360,1370,1370,1360,1350,1350,1350,1340,1340,1340,1340,1360,1370,1380,1390,1390,1400,1440,1460,1500,1530,1560,1580,1590,1590,1620,1650,1670,1680,1700,1700,1700,1700,1710,1720,1720,1730,1740,1750,1770,1780,1790,1790,1790,1780,1780,1780,1780,1770,1780,1780,1780,1790,1790,1790,1800,1790,1790,1790,1790,1800,1800,1810,1810,1810,1820,1830,1830,1830,1820,1810,1820,1840,1840,1840,1850,1880,1900
400,1400,1380,1370,1350,1350,1350,1360,1340,1350,1340,1340,1330,1330,1330,1320,1310,1310,1300,1300,1290,1360,1370,1360,1370,1370,1360,1350,1350,1350,1340,1340,1340,1340,1360,1370,1380,1390,1390,1400,1440,1460,1500,1530,1560,1580,1590,1590,1620,1650,1670,1680,1700,1700,1700,1700,1710,1720,1720,1730,1740,1750,1770,1780,1790,1790,1790,1780,1780,1780,1780,1770,1780,1780,1780,1790,1790,1790,1800,1790,1790,1790,1790,1800,1800,1810,1810,1810,1820,1830,1830,1830,1820,1810,1820,1840,1840,1840,1850,1880,1900,1910
401,1380,1370,1350,1350,1350,1360,1340,1350,1340,1340,1330,1330,1330,1320,1310,1310,1300,1300,1290,1360,1370,1360,1370,1370,1360,1350,1350,1350,1340,1340,1340,1340,1360,1370,1380,1390,1390,1400,1440,1460,1500,1530,1560,1580,1590,1590,1620,1650,1670,1680,1700,1700,1700,1700,1710,1720,1720,1730,1740,1750,1770,1780,1790,1790,1790,1780,1780,1780,1780,1770,1780,1780,1780,1790,1790,1790,1800,1790,1790,1790,1790,1800,1800,1810,1810,1810,1820,1830,1830,1830,1820,1810,1820,1840,1840,1840,1850,1880,1900,1910,1940
402,1370,1350,1350,1350,1360,1340,1350,1340,1340,1330,1330,1330,1320,1310,1310,1300,1300,1290,1360,1370,1360,1370,1370,1360,1350,1350,1350,1340,1340,1340,1340,1360,1370,1380,1390,1390,1400,1440,1460,1500,1530,1560,1580,1590,1590,1620,1650,1670,1680,1700,1700,1700,1700,1710,1720,1720,1730,1740,1750,1770,1780,1790,1790,1790,1780,1780,1780,1780,1770,1780,1780,1780,1790,1790,1790,1800,1790,1790,1790,1790,1800,1800,1810,1810,1810,1820,1830,1830,1830,1820,1810,1820,1840,1840,1840,1850,1880,1900,1910,1940,2150
403,1350,1350,1350,1360,1340,1350,1340,1340,1330,1330,1330,1320,1310,1310,1300,1300,1290,1360,1370,1360,1370,1370,1360,1350,1350,1350,1340,1340,1340,1340,1360,1370,1380,1390,1390,1400,1440,1460,1500,1530,1560,1580,1590,1590,1620,1650,1670,1680,1700,1700,1700,1700,1710,1720,1720,1730,1740,1750,1770,1780,1790,1790,1790,1780,1780,1780,1780,1770,1780,1780,1780,1790,1790,1790,1800,1790,1790,1790,1790,1800,1800,1810,1810,1810,1820,1830,1830,1830,1820,1810,1820,1840,1840,1840,1850,1880,1900,1910,1940,2150,2220
404,1350,1350,1360,1340,1350,1340,1340,1330,1330,1330,1320,1310,1310,1300,1300,1290,1360,1370,1360,1370,1370,1360,1350,1350,1350,1340,1340,1340,1340,1360,1370,1380,1390,1390,1400,1440,1460,1500,1530,1560,1580,1590,1590,1620,1650,1670,1680,1700,1700,1700,1700,1710,1720,1720,1730,1740,1750,1770,1780,1790,1790,1790,1780,1780,1780,1780,1770,1780,1780,1780,1790,1790,1790,1800,1790,1790,1790,1790,1800,1800,1810,1810,1810,1820,1830,1830,1830,1820,1810,1820,1840,1840,1840,1850,1880,1900,1910,1940,2150,2220,2140
405,1350,1360,1340,1350,1340,1340,1330,1330,1330,1320,1310,1310,1300,1300,1290,1360,1370,1360,1370,1370,1360,1350,1350,1350,1340,1340,1340,1340,1360,1370,1380,1390,1390,1400,1440,1460,1500,1530,1560,1580,1590,1590,1620,1650,1670,1680,1700,1700,1700,1700,1710,1720,1720,1730,1740,1750,1770,1780,1790,1790,1790,1780,1780,1780,1780,1770,1780,1780,1780,1790,1790,1790,1800,1790,1790,1790,1790,1800,1800,1810,1810,1810,1820,1830,1830,1830,1820,1810,1820,1840,1840,1840,1850,1880,1900,1910,1940,2150,2220,2140,2310
406,1360,1340,1350,1340,1340,1330,1330,1330,1320,1310,1310,1300,1300,1290,1360,1370,1360,1370,1370,1360,1350,1350,1350,1340,1340,1340,1340,1360,1370,1380,1390,1390,1400,1440,1460,1500,1530,1560,1580,1590,1590,1620,1650,1670,1680,1700,1700,1700,1700,1710,1720,1720,1730,1740,1750,1770,1780,1790,1790,1790,1780,1780,1780,1780,1770,1780,1780,1780,1790,1790,1790,1800,1790,1790,1790,1790,1800,1800,1810,1810,1810,1820,1830,1830,1830,1820,1810,1820,1840,1840,1840,1850,1880,1900,1910,1940,2150,2220,2140,2310,2410
407,1340,1350,1340,1340,1330,1330,1330,1320,1310,1310,1300,1300,1290,1360,1370,1360,1370,1370,1360,1350,1350,1350,1340,1340,1340,1340,1360,1370,1380,1390,1390,1400,1440,1460,1500,1530,1560,1580,1590,1590,1620,1650,1670,1680,1700,1700,1700,1700,1710,1720,1720,1730,1740,1750,1770,1780,1790,1790,1790,1780,1780,1780,1780,1770,1780,1780,1780,1790,1790,1790,1800,1790,1790,1790,1790,1800,1800,1810,1810,1810,1820,1830,1830,1830,1820,1810,1820,1840,1840,1840,1850,1880,1900,1910,1940,2150,2220,2140,2310,2410,2430
408,1350,1340,1340,1330,1330,1330,1320,1310,1310,1300,1300,1290,1360,1370,1360,1370,1370,1360,1350,1350,1350,1340,1340,1340,1340,1360,1370,1380,1390,1390,1400,1440,1460,1500,1530,1560,1580,1590,1590,1620,1650,1670,1680,1700,1700,1700,1700,1710,1720,1720,1730,1740,1750,1770,1780,1790,1790,1790,1780,1780,1780,1780,1770,1780,1780,1780,1790,1790,1790,1800,1790,1790,1790,1790,1800,1800,1810,1810,1810,1820,1830,1830,1830,1820,1810,1820,1840,1840,1840,1850,1880,1900,1910,1940,2150,2220,2140,2310,2410,2430,2450
409,1340,1340,1330,1330,1330,1320,1310,1310,1300,1300,1290,1360,1370,1360,1370,1370,1360,1350,1350,1350,1340,1340,1340,1340,1360,1370,1380,1390,1390,1400,1440,1460,1500,1530,1560,1580,1590,1590,1620,1650,1670,1680,1700,1700,1700,1700,1710,1720,1720,1730,1740,1750,1770,1780,1790,1790,1790,1780,1780,1780,1780,1770,1780,1780,1780,1790,1790,1790,1800,1790,1790,1790,1790,1800,1800,1810,1810,1810,1820,1830,1830,1830,1820,1810,1820,1840,1840,1840,1850,1880,1900,1910,1940,2150,2220,2140,2310,2410,2430,2450,2470
410,1340,1330,1330,1330,1320,1310,1310,1300,1300,1290,1360,1370,1360,1370,1370,1360,1350,1350,1350,1340,1340,1340,1340,1360,1370,1380,1390,1390,1400,1440,1460,1500,1530,1560,1580,1590,1590,1620,1650,1670,1680,1700,1700,1700,1700,1710,1720,1720,1730,1740,1750,1770,1780,1790,1790,1790,1780,1780,1780,1780,1770,1780,1780,1780,1790,1790,1790,1800,1790,1790,1790,1790,1800,1800,1810,1810,1810,1820,1830,1830,1830,1820,1810,1820,1840,1840,1840,1850,1880,1900,1910,1940,2150,2220,2140,2310,2410,2430,2450,2470,2530
411,1330,1330,1330,1320,1310,1310,1300,1300,1290,1360,1370,1360,1370,1370,1360,1350,1350,1350,1340,1340,1340,1340,1360,1370,1380,1390,1390,1400,1440,1460,1500,1530,1560,1580,1590,1590,1620,1650,1670,1680,1700,1700,1700,1700,1710,1720,1720,1730,1740,1750,1770,1780,1790,1790,1790,1780,1780,1780,1780,1770,1780,1780,1780,1790,1790,1790,1800,1790,1790,1790,1790,1800,1800,1810,1810,1810,1820,1830,1830,1830,1820,1810,1820,1840,1840,1840,1850,1880,1900,1910,1940,2150,2220,2140,2310,2410,2430,2450,2470,2530,2510
412,1330,1330,1320,1310,1310,1300,1300,1290,1360,1370,1360,1370,1370,1360,1350,1350,1350,1340,1340,1340,1340,1360,1370,1380,1390,1390,1400,1440,1460,1500,1530,1560,1580,1590,1590,1620,1650,1670,1680,1700,1700,1700,1700,1710,1720,1720,1730,1740,1750,1770,1780,1790,1790,1790,1780,1780,1780,1780,1770,1780,1780,1780,1790,1790,1790,1800,1790,1790,1790,1790,1800,1800,1810,1810,1810,1820,1830,1830,1830,1820,1810,1820,1840,1840,1840,1850,1880,1900,1910,1940,2150,2220,2140,2310,2410,2430,2450,2470,2530,2510,2500
413,1330,1320,1310,1310,1300,1300,1290,1360,1370,1360,1370,1370,1360,1350,1350,1350,1340,1340,1340,1340,1360,1370,1380,1390,1390,1400,1440,1460,1500,1530,1560,1580,1590,1590,1620,1650,1670,1680,1700,1700,1700,1700,1710,1720,1720,1730,1740,1750,1770,1780,1790,1790,1790,1780,1780,1780,1780,1770,1780,1780,1780,1790,1790,1790,1800,1790,1790,1790,1790,1800,1800,1810,1810,1810,1820,1830,1830,1830,1820,1810,1820,1840,1840,1840,1850,1880,1900,1910,1940,2150,2220,2140,2310,2410,2430,2450,2470,2530,2510,2500,2500
414,1320,1310,1310,1300,1300,1290,1360,1370,1360,1370,1370,1360,1350,1350,1350,1340,1340,1340,1340,1360,1370,1380,1390,1390,1400,1440,1460,1500,1530,1560,1580,1590,1590,1620,1650,1670,1680,1700,1700,1700,1700,1710,1720,1720,1730,1740,1750,1770,1780,1790,1790,1790,1780,1780,1780,1780,1770,1780,1780,1780,1790,1790,1790,1800,1790,1790,1790,1790,1800,1800,1810,1810,1810,1820,1830,1830,1830,1820,1810,1820,1840,1840,1840,1850,1880,1900,1910,1940,2150,2220,2140,2310,2410,2430,2450,2470,2530,2510,2500,2500,2530
415,1310,1310,1300,1300,1290,1360,1370,1360,1370,1370,1360,1350,1350,1350,1340,1340,1340,1340,1360,1370,1380,1390,1390,1400,1440,1460,1500,1530,1560,1580,1590,1590,1620,1650,1670,1680,1700,1700,1700,1700,1710,1720,1720,1730,1740,1750,1770,1780,1790,1790,1790,1780,1780,1780,1780,1770,1780,1780,1780,1790,1790,1790,1800,1790,1790,1790,1790,1800,1800,1810,1810,1810,1820,1830,1830,1830,1820,1810,1820,1840,1840,1840,1850,1880,1900,1910,1940,2150,2220,2140,2310,2410,2430,2450,2470,2530,2510,2500,2500,2530,2560
416,1310,1300,1300,1290,1360,1370,1360,1370,1370,1360,1350,1350,1350,1340,1340,1340,1340,1360,1370,1380,1390,1390,1400,1440,1460,1500,1530,1560,1580,1590,1590,1620,1650,1670,1680,1700,1700,1700,1700,1710,1720,1720,1730,1740,1750,1770,1780,1790,1790,1790,1780,1780,1780,1780,1770,1780,1780,1780,1790,1790,1790,1800,1790,1790,1790,1790,1800,1800,1810,1810,1810,1820,1830,1830,1830,1820,1810,1820,1840,1840,1840,1850,1880,1900,1910,1940,2150,2220,2140,2310,2410,2430,2450,2470,2530,2510,2500,2500,2530,2560,2610
417,1300,1300,1290,1360,1370,1360,1370,1370,1360,1350,1350,1350,1340,1340,1340,1340,1360,1370,1380,1390,1390,1400,1440,1460,1500,1530,1560,1580,1590,1590,1620,1650,1670,1680,1700,1700,1700,1700,1710,1720,1720,1730,1740,1750,1770,1780,1790,1790,1790,1780,1780,1780,1780,1770,1780,1780,1780,1790,1790,1790,1800,1790,1790,1790,1790,1800,1800,1810,1810,1810,1820,1830,1830,1830,1820,1810,1820,1840,1840,1840,1850,1880,1900,1910,1940,2150,2220,2140,2310,2410,2430,2450,2470,2530,2510,2500,2500,2530,2560,2610,2640
418,1300,1290,1360,1370,1360,1370,1370,1360,1350,1350,1350,1340,1340,1340,1340,1360,1370,1380,1390,1390,1400,1440,1460,1500,1530,1560,1580,1590,1590,1620,1650,1670,1680,1700,1700,1700,1700,1710,1720,1720,1730,1740,1750,1770,1780,1790,1790,1790,1780,1780,1780,1780,1770,1780,1780,1780,1790,1790,1790,1800,1790,1790,1790,1790,1800,1800,1810,1810,1810,1820,1830,1830,1830,1820,1810,1820,1840,1840,1840,1850,1880,1900,1910,1940,2150,2220,2140,2310,2410,2430,2450,2470,2530,2510,2500,2500,2530,2560,2610,2640,2670
419,1290,1360,1370,1360,1370,1370,1360,1350,1350,1350,1340,1340,1340,1340,1360,1370,1380,1390,1390,1400,1440,1460,1500,1530,1560,1580,1590,1590,1620,1650,1670,1680,1700,1700,1700,1700,1710,1720,1720,1730,1740,1750,1770,1780,1790,1790,1790,1780,1780,1780,1780,1770,1780,1780,1780,1790,1790,1790,1800,1790,1790,1790,1790,1800,1800,1810,1810,1810,1820,1830,1830,1830,1820,1810,1820,1840,1840,1840,1850,1880,1900,1910,1940,2150,2220,2140,2310,2410,2430,2450,2470,2530,2510,2500,2500,2530,2560,2610,2640,2670,2720
420,1360,1370,1360,1370,1370,1360,1350,1350,1350,1340,1340,1340,1340,1360,1370,1380,1390,1390,1400,1440,1460,1500,1530,1560,1580,1590,1590,1620,1650,1670,1680,1700,1700,1700,1700,1710,1720,1720,1730,1740,1750,1770,1780,1790,1790,1790,1780,1780,1780,1780,1770,1780,1780,1780,1790,1790,1790,1800,1790,1790,1790,1790,1800,1800,1810,1810,1810,1820,1830,1830,1830,1820,1810,1820,1840,1840,1840,1850,1880,1900,1910,1940,2150,2220,2140,2310,2410,2430,2450,2470,2530,2510,2500,2500,2530,2560,2610,2640,2670,2720,2770
421,1370,1360,1370,1370,1360,1350,1350,1350,1340,1340,1340,1340,1360,1370,1380,1390,1390,1400,1440,1460,1500,1530,1560,1580,1590,1590,1620,1650,1670,1680,1700,1700,1700,1700,1710,1720,1720,1730,1740,1750,1770,1780,1790,1790,1790,1780,1780,1780,1780,1770,1780,1780,1780,1790,1790,1790,1800,1790,1790,1790,1790,1800,1800,1810,1810,1810,1820,1830,1830,1830,1820,1810,1820,1840,1840,1840,1850,1880,1900,1910,1940,2150,2220,2140,2310,2410,2430,2450,2470,2530,2510,2500,2500,2530,2560,2610,2640,2670,2720,2770,2720
422,1360,1370,1370,1360,1350,1350,1350,1340,1340,1340,1340,1360,1370,1380,1390,1390,1400,1440,1460,1500,1530,1560,1580,1590,1590,1620,1650,1670,1680,1700,1700,1700,1700,1710,1720,1720,1730,1740,1750,1770,1780,1790,1790,1790,1780,1780,1780,1780,1770,1780,1780,1780,1790,1790,1790,1800,1790,1790,1790,1790,1800,1800,1810,1810,1810,1820,1830,1830,1830,1820,1810,1820,1840,1840,1840,1850,1880,1900,1910,1940,2150,2220,2140,2310,2410,2430,2450,2470,2530,2510,2500,2500,2530,2560,2610,2640,2670,2720,2770,2720,2720
423,1370,1370,1360,1350,1350,1350,1340,1340,1340,1340,1360,1370,1380,1390,1390,1400,1440,1460,1500,1530,1560,1580,1590,1590,1620,1650,1670,1680,1700,1700,1700,1700,1710,1720,1720,1730,1740,1750,1770,1780,1790,1790,1790,1780,1780,1780,1780,1770,1780,1780,1780,1790,1790,1790,1800,1790,1790,1790,1790,1800,1800,1810,1810,1810,1820,1830,1830,1830,1820,1810,1820,1840,1840,1840,1850,1880,1900,1910,1940,2150,2220,2140,2310,2410,2430,2450,2470,2530,2510,2500,2500,2530,2560,2610,2640,2670,2720,2770,2720,2720,2740
424,1370,1360,1350,1350,1350,1340,1340,1340,1340,1360,1370,1380,1390,1390,1400,1440,1460,1500,1530,1560,1580,1590,1590,1620,1650,1670,1680,1700,1700,1700,1700,1710,1720,1720,1730,1740,1750,1770,1780,1790,1790,1790,1780,1780,1780,1780,1770,1780,1780,1780,1790,1790,1790,1800,1790,1790,1790,1790,1800,1800,1810,1810,1810,1820,1830,1830,1830,1820,1810,1820,1840,1840,1840,1850,1880,1900,1910,1940,2150,2220,2140,2310,2410,2430,2450,2470,2530,2510,2500,2500,2530,2560,2610,2640,2670,2720,2770,2720,2720,2740,2750
425,1360,1350,1350,1350,1340,1340,1340,1340,1360,1370,1380,1390,1390,1400,1440,1460,1500,1530,1560,1580,1590,1590,1620,1650,1670,1680,1700,1700,1700,1700,1710,1720,1720,1730,1740,1750,1770,1780,1790,1790,1790,1780,1780,1780,1780,1770,1780,1780,1780,1790,1790,1790,1800,1790,1790,1790,1790,1800,1800,1810,1810,1810,1820,1830,1830,1830,1820,1810,1820,1840,1840,1840,1850,1880,1900,1910,1940,2150,2220,2140,2310,2410,2430,2450,2470,2530,2510,2500,2500,2530,2560,2610,2640,2670,2720,2770,2720,2720,2740,2750,2770
426,1350,1350,1350,1340,1340,1340,1340,1360,1370,1380,1390,1390,1400,1440,1460,1500,1530,1560,1580,1590,1590,1620,1650,1670,1680,1700,1700,1700,1700,1710,1720,1720,1730,1740,1750,1770,1780,1790,1790,1790,1780,1780,1780,1780,1770,1780,1780,1780,1790,1790,1790,1800,1790,1790,1790,1790,1800,1800,1810,1810,1810,1820,1830,1830,1830,1820,1810,1820,1840,1840,1840,1850,1880,1900,1910,1940,2150,2220,2140,2310,2410,2430,2450,2470,2530,2510,2500,2500,2530,2560,2610,2640,2670,2720,2770,2720,2720,2740,2750,2770,2800
427,1350,1350,1340,1340,1340,1340,1360,1370,1380,1390,1390,1400,1440,1460,1500,1530,1560,1580,1590,1590,1620,1650,1670,1680,1700,1700,1700,1700,1710,1720,1720,1730,1740,1750,1770,1780,1790,1790,1790,1780,1780,1780,1780,1770,1780,1780,1780,1790,1790,1790,1800,1790,1790,1790,1790,1800,1800,1810,1810,1810,1820,1830,1830,1830,1820,1810,1820,1840,1840,1840,1850,1880,1900,1910,1940,2150,2220,2140,2310,2410,2430,2450,2470,2530,2510,2500,2500,2530,2560,2610,2640,2670,2720,2770,2720,2720,2740,2750,2770,2800,2820
428,1350,1340,1340,1340,1340,1360,1370,1380,1390,1390,1400,1440,1460,1500,1530,1560,1580,1590,1590,1620,1650,1670,1680,1700,1700,1700,1700,1710,1720,1720,1730,1740,1750,1770,1780,1790,1790,1790,1780,1780,1780,1780,1770,1780,1780,1780,1790,1790,1790,1800,1790,1790,1790,1790,1800,1800,1810,1810,1810,1820,1830,1830,1830,1820,1810,1820,1840,1840,1840,1850,1880,1900,1910,1940,2150,2220,2140,2310,2410,2430,2450,2470,2530,2510,2500,2500,2530,2560,2610,2640,2670,2720,2770,2720,2720,2740,2750,2770,2800,2820,2810
429,1340,1340,1340,1340,1360,1370,1380,1390,1390,1400,1440,1460,1500,1530,1560,1580,1590,1590,1620,1650,1670,1680,1700,1700,1700,1700,1710,1720,1720,1730,1740,1750,1770,1780,1790,1790,1790,1780,1780,1780,1780,1770,1780,1780,1780,1790,1790,1790,1800,1790,1790,1790,1790,1800,1800,1810,1810,1810,1820,1830,1830,1830,1820,1810,1820,1840,1840,1840,1850,1880,1900,1910,1940,2150,2220,2140,2310,2410,2430,2450,2470,2530,2510,2500,2500,2530,2560,2610,2640,2670,2720,2770,2720,2720,2740,2750,2770,2800,2820,2810,2780
430,1340,1340,1340,1360,1370,1380,1390,1390,1400,1440,1460,1500,1530,1560,1580,1590,1590,1620,1650,1670,1680,1700,1700,1700,1700,1710,1720,1720,1730,1740,1750,1770,1780,1790,1790,1790,1780,1780,1780,1780,1770,1780,1780,1780,1790,1790,1790,1800,1790,1790,1790,1790,1800,1800,1810,1810,1810,1820,1830,1830,1830,1820,1810,1820,1840,1840,1840,1850,1880,1900,1910,1940,2150,2220,2140,2310,2410,2430,2450,2470,2530,2510,2500,2500,2530,2560,2610,2640,2670,2720,2770,2720,2720,2740,2750,2770,2800,2820,2810,2780,2780
431,1340,1340,1360,1370,1380,1390,1390,1400,1440,1460,1500,1530,1560,1580,1590,1590,1620,1650,1670,1680,1700,1700,1700,1700,1710,1720,1720,1730,1740,1750,1770,1780,1790,1790,1790,1780,1780,1780,1780,1770,1780,1780,1780,1790,1790,1790,1800,1790,1790,1790,1790,1800,1800,1810,1810,1810,1820,1830,1830,1830,1820,1810,1820,1840,1840,1840,1850,1880,1900,1910,1940,2150,2220,2140,2310,2410,2430,2450,2470,2530,2510,2500,2500,2530,2560,2610,2640,2670,2720,2770,2720,2720,2740,2750,2770,2800,2820,2810,2780,2780,2760
432,1340,1360,1370,1380,1390,1390,1400,1440,1460,1500,1530,1560,1580,1590,1590,1620,1650,1670,1680,1700,1700,1700,1700,1710,1720,1720,1730,1740,1750,1770,1780,1790,1790,1790,1780,1780,1780,1780,1770,1780,1780,1780,1790,1790,1790,1800,1790,1790,1790,1790,1800,1800,1810,1810,1810,1820,1830,1830,1830,1820,1810,1820,1840,1840,1840,1850,1880,1900,1910,1940,2150,2220,2140,2310,2410,2430,2450,2470,2530,2510,2500,2500,2530,2560,2610,2640,2670,2720,2770,2720,2720,2740,2750,2770,2800,2820,2810,2780,2780,2760,2730
433,1360,1370,1380,1390,1390,1400,1440,1460,1500,1530,1560,1580,1590,1590,1620,1650,1670,1680,1700,1700,1700,1700,1710,1720,1720,1730,1740,1750,1770,1780,1790,1790,1790,1780,1780,1780,1780,1770,1780,1780,1780,1790,1790,1790,1800,1790,1790,1790,1790,1800,1800,1810,1810,1810,1820,1830,1830,1830,1820,1810,1820,1840,1840,1840,1850,1880,1900,1910,1940,2150,2220,2140,2310,2410,2430,2450,2470,2530,2510,2500,2500,2530,2560,2610,2640,2670,2720,2770,2720,2720,2740,2750,2770,2800,2820,2810,2780,2780,2760,2730,2680
434,1370,1380,1390,1390,1400,1440,1460,1500,1530,1560,1580,1590,1590,1620,1650,1670,1680,1700,1700,1700,1700,1710,1720,1720,1730,1740,1750,1770,1780,1790,1790,1790,1780,1780,1780,1780,1770,1780,1780,1780,1790,1790,1790,1800,1790,1790,1790,1790,1800,1800,1810,1810,1810,1820,1830,1830,1830,1820,1810,1820,1840,1840,1840,1850,1880,1900,1910,1940,2150,2220,2140,2310,2410,2430,2450,2470,2530,2510,2500,2500,2530,2560,2610,2640,2670,2720,2770,2720,2720,2740,2750,2770,2800,2820,2810,2780,2780,2760,2730,2680,2680
435,1380,1390,1390,1400,1440,1460,1500,1530,1560,1580,1590,1590,1620,1650,1670,1680,1700,1700,1700,1700,1710,1720,1720,1730,1740,1750,1770,1780,1790,1790,1790,1780,1780,1780,1780,1770,1780,1780,1780,1790,1790,1790,1800,1790,1790,1790,1790,1800,1800,1810,1810,1810,1820,1830,1830,1830,1820,1810,1820,1840,1840,1840,1850,1880,1900,1910,1940,2150,2220,2140,2310,2410,2430,2450,2470,2530,2510,2500,2500,2530,2560,2610,2640,2670,2720,2770,2720,2720,2740,2750,2770,2800,2820,2810,2780,2780,2760,2730,2680,2680,2650
436,1390,1390,1400,1440,1460,1500,1530,1560,1580,1590,1590,1620,1650,1670,1680,1700,1700,1700,1700,1710,1720,1720,1730,1740,1750,1770,1780,1790,1790,1790,1780,1780,1780,1780,1770,1780,1780,1780,1790,1790,1790,1800,1790,1790,1790,1790,1800,1800,1810,1810,1810,1820,1830,1830,1830,1820,1810,1820,1840,1840,1840,1850,1880,1900,1910,1940,2150,2220,2140,2310,2410,2430,2450,2470,2530,2510,2500,2500,2530,2560,2610,2640,2670,2720,2770,2720,2720,2740,2750,2770,2800,2820,2810,2780,2780,2760,2730,2680,2680,2650,2630
437,1390,1400,1440,1460,1500,1530,1560,1580,1590,1590,1620,1650,1670,1680,1700,1700,1700,1700,1710,1720,1720,1730,1740,1750,1770,1780,1790,1790,1790,1780,1780,1780,1780,1770,1780,1780,1780,1790,1790,1790,1800,1790,1790,1790,1790,1800,1800,1810,1810,1810,1820,1830,1830,1830,1820,1810,1820,1840,1840,1840,1850,1880,1900,1910,1940,2150,2220,2140,2310,2410,2430,2450,2470,2530,2510,2500,2500,2530,2560,2610,2640,2670,2720,2770,2720,2720,2740,2750,2770,2800,2820,2810,2780,2780,2760,2730,2680,2680,2650,2630,2600
438,1400,1440,1460,1500,1530,1560,1580,1590,1590,1620,1650,1670,1680,1700,1700,1700,1700,1710,1720,1720,1730,1740,1750,1770,1780,1790,1790,1790,1780,1780,1780,1780,1770,1780,1780,1780,1790,1790,1790,1800,1790,1790,1790,1790,1800,1800,1810,1810,1810,1820,1830,1830,1830,1820,1810,1820,1840,1840,1840,1850,1880,1900,1910,1940,2150,2220,2140,2310,2410,2430,2450,2470,2530,2510,2500,2500,2530,2560,2610,2640,2670,2720,2770,2720,2720,2740,2750,2770,2800,2820,2810,2780,2780,2760,2730,2680,2680,2650,2630,2600,2600
439,1440,1460,1500,1530,1560,1580,1590,1590,1620,1650,1670,1680,1700,1700,1700,1700,1710,1720,1720,1730,1740,1750,1770,1780,1790,1790,1790,1780,1780,1780,1780,1770,1780,1780,1780,1790,1790,1790,1800,1790,1790,1790,1790,1800,1800,1810,1810,1810,1820,1830,1830,1830,1820,1810,1820,1840,1840,1840,1850,1880,1900,1910,1940,2150,2220,2140,2310,2410,2430,2450,2470,2530,2510,2500,2500,2530,2560,2610,2640,2670,2720,2770,2720,2720,2740,2750,2770,2800,2820,2810,2780,2780,2760,2730,2680,2680,2650,2630,2600,2600,2600
440,1460,1500,1530,1560,1580,1590,1590,1620,1650,1670,1680,1700,1700,1700,1700,1710,1720,1720,1730,1740,1750,1770,1780,1790,1790,1790,1780,1780,1780,1780,1770,1780,1780,1780,1790,1790,1790,1800,1790,1790,1790,1790,1800,1800,1810,1810,1810,1820,1830,1830,1830,1820,1810,1820,1840,1840,1840,1850,1880,1900,1910,1940,2150,2220,2140,2310,2410,2430,2450,2470,2530,2510,2500,2500,2530,2560,2610,2640,2670,2720,2770,2720,2720,2740,2750,2770,2800,2820,2810,2780,2780,2760,2730,2680,2680,2650,2630,2600,2600,2600,2610
441,1500,1530,1560,1580,1590,1590,1620,1650,1670,1680,1700,1700,1700,1700,1710,1720,1720,1730,1740,1750,1770,1780,1790,1790,1790,1780,1780,1780,1780,1770,1780,1780,1780,1790,1790,1790,1800,1790,1790,1790,1790,1800,1800,1810,1810,1810,1820,1830,1830,1830,1820,1810,1820,1840,1840,1840,1850,1880,1900,1910,1940,2150,2220,2140,2310,2410,2430,2450,2470,2530,2510,2500,2500,2530,2560,2610,2640,2670,2720,2770,2720,2720,2740,2750,2770,2800,2820,2810,2780,2780,2760,2730,2680,2680,2650,2630,2600,2600,2600,2610,2600
442,1530,1560,1580,1590,1590,1620,1650,1670,1680,1700,1700,1700,1700,1710,1720,1720,1730,1740,1750,1770,1780,1790,1790,1790,1780,1780,1780,1780,1770,1780,1780,1780,1790,1790,1790,1800,1790,1790,1790,1790,1800,1800,1810,1810,1810,1820,1830,1830,1830,1820,1810,1820,1840,1840,1840,1850,1880,1900,1910,1940,2150,2220,2140,2310,2410,2430,2450,2470,2530,2510,2500,2500,2530,2560,2610,2640,2670,2720,2770,2720,2720,2740,2750,2770,2800,2820,2810,2780,2780,2760,2730,2680,2680,2650,2630,2600,2600,2600,2610,2600,2600
443,1560,1580,1590,1590,1620,1650,1670,1680,1700,1700,1700,1700,1710,1720,1720,1730,1740,1750,1770,1780,1790,1790,1790,1780,1780,1780,1780,1770,1780,1780,1780,1790,1790,1790,1800,1790,1790,1790,1790,1800,1800,1810,1810,1810,1820,1830,1830,1830,1820,1810,1820,1840,1840,1840,1850,1880,1900,1910,1940,2150,2220,2140,2310,2410,2430,2450,2470,2530,2510,2500,2500,2530,2560,2610,2640,2670,2720,2770,2720,2720,2740,2750,2770,2800,2820,2810,2780,2780,2760,2730,2680,2680,2650,2630,2600,2600,2600,2610,2600,2600,2590
444,1580,1590,1590,1620,1650,1670,1680,1700,1700,1700,1700,1710,1720,1720,1730,1740,1750,1770,1780,1790,1790,1790,1780,1780,1780,1780,1770,1780,1780,1780,1790,1790,1790,1800,1790,1790,1790,1790,1800,1800,1810,1810,1810,1820,1830,1830,1830,1820,1810,1820,1840,1840,1840,1850,1880,1900,1910,1940,2150,2220,2140,2310,2410,2430,2450,2470,2530,2510,2500,2500,2530,2560,2610,2640,2670,2720,2770,2720,2720,2740,2750,2770,2800,2820,2810,2780,2780,2760,2730,2680,2680,2650,2630,2600,2600,2600,2610,2600,2600,2590,2590
445,1590,1590,1620,1650,1670,1680,1700,1700,1700,1700,1710,1720,1720,1730,1740,1750,1770,1780,1790,1790,1790,1780,1780,1780,1780,1770,1780,1780,1780,1790,1790,1790,1800,1790,1790,1790,1790,1800,1800,1810,1810,1810,1820,1830,1830,1830,1820,1810,1820,1840,1840,1840,1850,1880,1900,1910,1940,2150,2220,2140,2310,2410,2430,2450,2470,2530,2510,2500,2500,2530,2560,2610,2640,2670,2720,2770,2720,2720,2740,2750,2770,2800,2820,2810,2780,2780,2760,2730,2680,2680,2650,2630,2600,2600,2600,2610,2600,2600,2590,2590,2610
446,1590,1620,1650,1670,1680,1700,1700,1700,1700,1710,1720,1720,1730,1740,1750,1770,1780,1790,1790,1790,1780,1780,1780,1780,1770,1780,1780,1780,1790,1790,1790,1800,1790,1790,1790,1790,1800,1800,1810,1810,1810,1820,1830,1830,1830,1820,1810,1820,1840,1840,1840,1850,1880,1900,1910,1940,2150,2220,2140,2310,2410,2430,2450,2470,2530,2510,2500,2500,2530,2560,2610,2640,2670,2720,2770,2720,2720,2740,2750,2770,2800,2820,2810,2780,2780,2760,2730,2680,2680,2650,2630,2600,2600,2600,2610,2600,2600,2590,2590,2610,2610
447,1620,1650,1670,1680,1700,1700,1700,1700,1710,1720,1720,1730,1740,1750,1770,1780,1790,1790,1790,1780,1780,1780,1780,1770,1780,1780,1780,1790,1790,1790,1800,1790,1790,1790,1790,1800,1800,1810,1810,1810,1820,1830,1830,1830,1820,1810,1820,1840,1840,1840,1850,1880,1900,1910,1940,2150,2220,2140,2310,2410,2430,2450,2470,2530,2510,2500,2500,2530,2560,2610,2640,2670,2720,2770,2720,2720,2740,2750,2770,2800,2820,2810,2780,2780,2760,2730,2680,2680,2650,2630,2600,2600,2600,2610,2600,2600,2590,2590,2610,2610,2610
448,1650,1670,1680,1700,1700,1700,1700,1710,1720,1720,1730,1740,1750,1770,1780,1790,1790,1790,1780,1780,1780,1780,1770,1780,1780,1780,1790,1790,1790,1800,1790,1790,1790,1790,1800,1800,1810,1810,1810,1820,1830,1830,1830,1820,1810,1820,1840,1840,1840,1850,1880,1900,1910,1940,2150,2220,2140,2310,2410,2430,2450,2470,2530,2510,2500,2500,2530,2560,2610,2640,2670,2720,2770,2720,2720,2740,2750,2770,2800,2820,2810,2780,2780,2760,2730,2680,2680,2650,2630,2600,2600,2600,2610,2600,2600,2590,2590,2610,2610,2610,2640
449,1670,1680,1700,1700,1700,1700,1710,1720,1720,1730,1740,1750,1770,1780,1790,1790,1790,1780,1780,1780,1780,1770,1780,1780,1780,1790,1790,1790,1800,1790,1790,1790,1790,1800,1800,1810,1810,1810,1820,1830,1830,1830,1820,1810,1820,1840,1840,1840,1850,1880,1900,1910,1940,2150,2220,2140,2310,2410,2430,2450,2470,2530,2510,2500,2500,2530,2560,2610,2640,2670,2720,2770,2720,2720,2740,2750,2770,2800,2820,2810,2780,2780,2760,2730,2680,2680,2650,2630,2600,2600,2600,2610,2600,2600,2590,2590,2610,2610,2610,2640,2660
450,1680,1700,1700,1700,1700,1710,1720,1720,1730,1740,1750,1770,1780,1790,1790,1790,1780,1780,1780,1780,1770,1780,1780,1780,1790,1790,1790,1800,1790,1790,1790,1790,1800,1800,1810,1810,1810,1820,1830,1830,1830,1820,1810,1820,1840,1840,1840,1850,1880,1900,1910,1940,2150,2220,2140,2310,2410,2430,2450,2470,2530,2510,2500,2500,2530,2560,2610,2640,2670,2720,2770,2720,2720,2740,2750,2770,2800,2820,2810,2780,2780,2760,2730,2680,2680,2650,2630,2600,2600,2600,2610,2600,2600,2590,2590,2610,2610,2610,2640,2660,2730
451,1700,1700,1700,1700,1710,1720,1720,1730,1740,1750,1770,1780,1790,1790,1790,1780,1780,1780,1780,1770,1780,1780,1780,1790,1790,1790,1800,1790,1790,1790,1790,1800,1800,1810,1810,1810,1820,1830,1830,1830,1820,1810,1820,1840,1840,1840,1850,1880,1900,1910,1940,2150,2220,2140,2310,2410,2430,2450,2470,2530,2510,2500,2500,2530,2560,2610,2640,2670,2720,2770,2720,2720,2740,2750,2770,2800,2820,2810,2780,2780,2760,2730,2680,2680,2650,2630,2600,2600,2600,2610,2600,2600,2590,2590,2610,2610,2610,2640,2660,2730,2790
452,1700,1700,1700,1710,1720,1720,1730,1740,1750,1770,1780,1790,1790,1790,1780,1780,1780,1780,1770,1780,1780,1780,1790,1790,1790,1800,1790,1790,1790,1790,1800,1800,1810,1810,1810,1820,1830,1830,1830,1820,1810,1820,1840,1840,1840,1850,1880,1900,1910,1940,2150,2220,2140,2310,2410,2430,2450,2470,2530,2510,2500,2500,2530,2560,2610,2640,2670,2720,2770,2720,2720,2740,2750,2770,2800,2820,2810,2780,2780,2760,2730,2680,2680,2650,2630,2600,2600,2600,2610,2600,2600,2590,2590,2610,2610,2610,2640,2660,2730,2790,2840
453,1700,1700,1710,1720,1720,1730,1740,1750,1770,1780,1790,1790,1790,1780,1780,1780,1780,1770,1780,1780,1780,1790,1790,1790,1800,1790,1790,1790,1790,1800,1800,1810,1810,1810,1820,1830,1830,1830,1820,1810,1820,1840,1840,1840,1850,1880,1900,1910,1940,2150,2220,2140,2310,2410,2430,2450,2470,2530,2510,2500,2500,2530,2560,2610,2640,2670,2720,2770,2720,2720,2740,2750,2770,2800,2820,2810,2780,2780,2760,2730,2680,2680,2650,2630,2600,2600,2600,2610,2600,2600,2590,2590,2610,2610,2610,2640,2660,2730,2790,2840,2860
454,1700,1710,1720,1720,1730,1740,1750,1770,1780,1790,1790,1790,1780,1780,1780,1780,1770,1780,1780,1780,1790,1790,1790,1800,1790,1790,1790,1790,1800,1800,1810,1810,1810,1820,1830,1830,1830,1820,1810,1820,1840,1840,1840,1850,1880,1900,1910,1940,2150,2220,2140,2310,2410,2430,2450,2470,2530,2510,2500,2500,2530,2560,2610,2640,2670,2720,2770,2720,2720,2740,2750,2770,2800,2820,2810,2780,2780,2760,2730,2680,2680,2650,2630,2600,2600,2600,2610,2600,2600,2590,2590,2610,2610,2610,2640,2660,2730,2790,2840,2860,2900
455,1710,1720,1720,1730,1740,1750,1770,1780,1790,1790,1790,1780,1780,1780,1780,1770,1780,1780,1780,1790,1790,1790,1800,1790,1790,1790,1790,1800,1800,1810,1810,1810,1820,1830,1830,1830,1820,1810,1820,1840,1840,1840,1850,1880,1900,1910,1940,2150,2220,2140,2310,2410,2430,2450,2470,2530,2510,2500,2500,2530,2560,2610,2640,2670,2720,2770,2720,2720,2740,2750,2770,2800,2820,2810,2780,2780,2760,2730,2680,2680,2650,2630,2600,2600,2600,2610,2600,2600,2590,2590,2610,2610,2610,2640,2660,2730,2790,2840,2860,2900,2970
456,1720,1720,1730,1740,1750,1770,1780,1790,1790,1790,1780,1780,1780,1780,1770,1780,1780,1780,1790,1790,1790,1800,1790,1790,1790,1790,1800,1800,1810,1810,1810,1820,1830,1830,1830,1820,1810,1820,1840,1840,1840,1850,1880,1900,1910,1940,2150,2220,2140,2310,2410,2430,2450,2470,2530,2510,2500,2500,2530,2560,2610,2640,2670,2720,2770,2720,2720,2740,2750,2770,2800,2820,2810,2780,2780,2760,2730,2680,2680,2650,2630,2600,2600,2600,2610,2600,2600,2590,2590,2610,2610,2610,2640,2660,2730,2790,2840,2860,2900,2970,3050
457,1720,1730,1740,1750,1770,1780,1790,1790,1790,1780,1780,1780,1780,1770,1780,1780,1780,1790,1790,1790,1800,1790,1790,1790,1790,1800,1800,1810,1810,1810,1820,1830,1830,1830,1820,1810,1820,1840,1840,1840,1850,1880,1900,1910,1940,2150,2220,2140,2310,2410,2430,2450,2470,2530,2510,2500,2500,2530,2560,2610,2640,2670,2720,2770,2720,2720,2740,2750,2770,2800,2820,2810,2780,2780,2760,2730,2680,2680,2650,2630,2600,2600,2600,2610,2600,2600,2590,2590,2610,2610,2610,2640,2660,2730,2790,2840,2860,2900,2970,3050,3090
458,1730,1740,1750,1770,1780,1790,1790,1790,1780,1780,1780,1780,1770,1780,1780,1780,1790,1790,1790,1800,1790,1790,1790,1790,1800,1800,1810,1810,1810,1820,1830,1830,1830,1820,1810,1820,1840,1840,1840,1850,1880,1900,1910,1940,2150,2220,2140,2310,2410,2430,2450,2470,2530,2510,2500,2500,2530,2560,2610,2640,2670,2720,2770,2720,2720,2740,2750,2770,2800,2820,2810,2780,2780,2760,2730,2680,2680,2650,2630,2600,2600,2600,2610,2600,2600,2590,2590,2610,2610,2610,2640,2660,2730,2790,2840,2860,2900,2970,3050,3090,3090
459,1740,1750,1770,1780,1790,1790,1790,1780,1780,1780,1780,1770,1780,1780,1780,1790,1790,1790,1800,1790,1790,1790,1790,1800,1800,1810,1810,1810,1820,1830,1830,1830,1820,1810,1820,1840,1840,1840,1850,1880,1900,1910,1940,2150,2220,2140,2310,2410,2430,2450,2470,2530,2510,2500,2500,2530,2560,2610,2640,2670,2720,2770,2720,2720,2740,2750,2770,2800,2820,2810,2780,2780,2760,2730,2680,2680,2650,2630,2600,2600,2600,2610,2600,2600,2590,2590,2610,2610,2610,2640,2660,2730,2790,2840,2860,2900,2970,3050,3090,3090,3080
460,1750,1770,1780,1790,1790,1790,1780,1780,1780,1780,1770,1780,1780,1780,1790,1790,1790,1800,1790,1790,1790,1790,1800,1800,1810,1810,1810,1820,1830,1830,1830,1820,1810,1820,1840,1840,1840,1850,1880,1900,1910,1940,2150,2220,2140,2310,2410,2430,2450,2470,2530,2510,2500,2500,2530,2560,2610,2640,2670,2720,2770,2720,2720,2740,2750,2770,2800,2820,2810,2780,2780,2760,2730,2680,2680,2650,2630,2600,2600,2600,2610,2600,2600,2590,2590,2610,2610,2610,2640,2660,2730,2790,2840,2860,2900,2970,3050,3090,3090,3080,3070
461,1770,1780,1790,1790,1790,1780,1780,1780,1780,1770,1780,1780,1780,1790,1790,1790,1800,1790,1790,1790,1790,1800,1800,1810,1810,1810,1820,1830,1830,1830,1820,1810,1820,1840,1840,1840,1850,1880,1900,1910,1940,2150,2220,2140,2310,2410,2430,2450,2470,2530,2510,2500,2500,2530,2560,2610,2640,2670,2720,2770,2720,2720,2740,2750,2770,2800,2820,2810,2780,2780,2760,2730,2680,2680,2650,2630,2600,2600,2600,2610,2600,2600,2590,2590,2610,2610,2610,2640,2660,2730,2790,2840,2860,2900,2970,3050,3090,3090,3080,3070,3050
462,1780,1790,1790,1790,1780,1780,1780,1780,1770,1780,1780,1780,1790,1790,1790,1800,1790,1790,1790,1790,1800,1800,1810,1810,1810,1820,1830,1830,1830,1820,1810,1820,1840,1840,1840,1850,1880,1900,1910,1940,2150,2220,2140,2310,2410,2430,2450,2470,2530,2510,2500,2500,2530,2560,2610,2640,2670,2720,2770,2720,2720,2740,2750,2770,2800,2820,2810,2780,2780,2760,2730,2680,2680,2650,2630,2600,2600,2600,2610,2600,2600,2590,2590,2610,2610,2610,2640,2660,2730,2790,2840,2860,2900,2970,3050,3090,3090,3080,3070,3050,3030
463,1790,1790,1790,1780,1780,1780,1780,1770,1780,1780,1780,1790,1790,1790,1800,1790,1790,1790,1790,1800,1800,1810,1810,1810,1820,1830,1830,1830,1820,1810,1820,1840,1840,1840,1850,1880,1900,1910,1940,2150,2220,2140,2310,2410,2430,2450,2470,2530,2510,2500,2500,2530,2560,2610,2640,2670,2720,2770,2720,2720,2740,2750,2770,2800,2820,2810,2780,2780,2760,2730,2680,2680,2650,2630,2600,2600,2600,2610,2600,2600,2590,2590,2610,2610,2610,2640,2660,2730,2790,2840,2860,2900,2970,3050,3090,3090,3080,3070,3050,3030,3010
464,1790,1790,1780,1780,1780,1780,1770,1780,1780,1780,1790,1790,1790,1800,1790,1790,1790,1790,1800,1800,1810,1810,1810,1820,1830,1830,1830,1820,1810,1820,1840,1840,1840,1850,1880,1900,1910,1940,2150,2220,2140,2310,2410,2430,2450,2470,2530,2510,2500,2500,2530,2560,2610,2640,2670,2720,2770,2720,2720,2740,2750,2770,2800,2820,2810,2780,2780,2760,2730,2680,2680,2650,2630,2600,2600,2600,2610,2600,2600,2590,2590,2610,2610,2610,2640,2660,2730,2790,2840,2860,2900,2970,3050,3090,3090,3080,3070,3050,3030,3010,3010
465,1790,1780,1780,1780,1780,1770,1780,1780,1780,1790,1790,1790,1800,1790,1790,1790,1790,1800,1800,1810,1810,1810,1820,1830,1830,1830,1820,1810,1820,1840,1840,1840,1850,1880,1900,1910,1940,2150,2220,2140,2310,2410,2430,2450,2470,2530,2510,2500,2500,2530,2560,2610,2640,2670,2720,2770,2720,2720,2740,2750,2770,2800,2820,2810,2780,2780,2760,2730,2680,2680,2650,2630,2600,2600,2600,2610,2600,2600,2590,2590,2610,2610,2610,2640,2660,2730,2790,2840,2860,2900,2970,3050,3090,3090,3080,3070,3050,3030,3010,3010,3010
466,1780,1780,1780,1780,1770,1780,1780,1780,1790,1790,1790,1800,1790,1790,1790,1790,1800,1800,1810,1810,1810,1820,1830,1830,1830,1820,1810,1820,1840,1840,1840,1850,1880,1900,1910,1940,2150,2220,2140,2310,2410,2430,2450,2470,2530,2510,2500,2500,2530,2560,2610,2640,2670,2720,2770,2720,2720,2740,2750,2770,2800,2820,2810,2780,2780,2760,2730,2680,2680,2650,2630,2600,2600,2600,2610,2600,2600,2590,2590,2610,2610,2610,2640,2660,2730,2790,2840,2860,2900,2970,3050,3090,3090,3080,3070,3050,3030,3010,3010,3010,3010
467,1780,1780,1780,1770,1780,1780,1780,1790,1790,1790,1800,1790,1790,1790,1790,1800,1800,1810,1810,1810,1820,1830,1830,1830,1820,1810,1820,1840,1840,1840,1850,1880,1900,1910,1940,2150,2220,2140,2310,2410,2430,2450,2470,2530,2510,2500,2500,2530,2560,2610,2640,2670,2720,2770,2720,2720,2740,2750,2770,2800,2820,2810,2780,2780,2760,2730,2680,2680,2650,2630,2600,2600,2600,2610,2600,2600,2590,2590,2610,2610,2610,2640,2660,2730,2790,2840,2860,2900,2970,3050,3090,3090,3080,3070,3050,3030,3010,3010,3010,3010,3010
468,1780,1780,1770,1780,1780,1780,1790,1790,1790,1800,1790,1790,1790,1790,1800,1800,1810,1810,1810,1820,1830,1830,1830,1820,1810,1820,1840,1840,1840,1850,1880,1900,1910,1940,2150,2220,2140,2310,2410,2430,2450,2470,2530,2510,2500,2500,2530,2560,2610,2640,2670,2720,2770,2720,2720,2740,2750,2770,2800,2820,2810,2780,2780,2760,2730,2680,2680,2650,2630,2600,2600,2600,2610,2600,2600,2590,2590,2610,2610,2610,2640,2660,2730,2790,2840,2860,2900,2970,3050,3090,3090,3080,3070,3050,3030,3010,3010,3010,3010,3010,3000
469,1780,1770,1780,1780,1780,1790,1790,1790,1800,1790,1790,1790,1790,1800,1800,1810,1810,1810,1820,1830,1830,1830,1820,1810,1820,1840,1840,1840,1850,1880,1900,1910,1940,2150,2220,2140,2310,2410,2430,2450,2470,2530,2510,2500,2500,2530,2560,2610,2640,2670,2720,2770,2720,2720,2740,2750,2770,2800,2820,2810,2780,2780,2760,2730,2680,2680,2650,2630,2600,2600,2600,2610,2600,2600,2590,2590,2610,2610,2610,2640,2660,2730,2790,2840,2860,2900,2970,3050,3090,3090,3080,3070,3050,3030,3010,3010,3010,3010,3010,3000,2980
470,1770,1780,1780,1780,1790,1790,1790,1800,1790,1790,1790,1790,1800,1800,1810,1810,1810,1820,1830,1830,1830,1820,1810,1820,1840,1840,1840,1850,1880,1900,1910,1940,2150,2220,2140,2310,2410,2430,2450,2470,2530,2510,2500,2500,2530,2560,2610,2640,2670,2720,2770,2720,2720,2740,2750,2770,2800,2820,2810,2780,2780,2760,2730,2680,2680,2650,2630,2600,2600,2600,2610,2600,2600,2590,2590,2610,2610,2610,2640,2660,2730,2790,2840,2860,2900,2970,3050,3090,3090,3080,3070,3050,3030,3010,3010,3010,3010,3010,3000,2980,2980
471,1780,1780,1780,1790,1790,1790,1800,1790,1790,1790,1790,1800,1800,1810,1810,1810,1820,1830,1830,1830,1820,1810,1820,1840,1840,1840,1850,1880,1900,1910,1940,2150,2220,2140,2310,2410,2430,2450,2470,2530,2510,2500,2500,2530,2560,2610,2640,2670,2720,2770,2720,2720,2740,2750,2770,2800,2820,2810,2780,2780,2760,2730,2680,2680,2650,2630,2600,2600,2600,2610,2600,2600,2590,2590,2610,2610,2610,2640,2660,2730,2790,2840,2860,2900,2970,3050,3090,3090,3080,3070,3050,3030,3010,3010,3010,3010,3010,3000,2980,2980,2960
472,1780,1780,1790,1790,1790,1800,1790,1790,1790,1790,1800,1800,1810,1810,1810,1820,1830,1830,1830,1820,1810,1820,1840,1840,1840,1850,1880,1900,1910,1940,2150,2220,2140,2310,2410,2430,2450,2470,2530,2510,2500,2500,2530,2560,2610,2640,2670,2720,2770,2720,2720,2740,2750,2770,2800,2820,2810,2780,2780,2760,2730,2680,2680,2650,2630,2600,2600,2600,2610,2600,2600,2590,2590,2610,2610,2610,2640,2660,2730,2790,2840,2860,2900,2970,3050,3090,3090,3080,3070,3050,3030,3010,3010,3010,3010,3010,3000,2980,2980,2960,2960
473,1780,1790,1790,1790,1800,1790,1790,1790,1790,1800,1800,1810,1810,1810,1820,1830,1830,1830,1820,1810,1820,1840,1840,1840,1850,1880,1900,1910,1940,2150,2220,2140,2310,2410,2430,2450,2470,2530,2510,2500,2500,2530,2560,2610,2640,2670,2720,2770,2720,2720,2740,2750,2770,2800,2820,2810,2780,2780,2760,2730,2680,2680,2650,2630,2600,2600,2600,2610,2600,2600,2590,2590,2610,2610,2610,2640,2660,2730,2790,2840,2860,2900,2970,3050,3090,3090,3080,3070,3050,3030,3010,3010,3010,3010,3010,3000,2980,2980,2960,2960,2950
474,1790,1790,1790,1800,1790,1790,1790,1790,1800,1800,1810,1810,1810,1820,1830,1830,1830,1820,1810,1820,1840,1840,1840,1850,1880,1900,1910,1940,2150,2220,2140,2310,2410,2430,2450,2470,2530,2510,2500,2500,2530,2560,2610,2640,2670,2720,2770,2720,2720,2740,2750,2770,2800,2820,2810,2780,2780,2760,2730,2680,2680,2650,2630,2600,2600,2600,2610,2600,2600,2590,2590,2610,2610,2610,2640,2660,2730,2790,2840,2860,2900,2970,3050,3090,3090,3080,3070,3050,3030,3010,3010,3010,3010,3010,3000,2980,2980,2960,2960,2950,2960
475,1790,1790,1800,1790,1790,1790,1790,1800,1800,1810,1810,1810,1820,1830,1830,1830,1820,1810,1820,1840,1840,1840,1850,1880,1900,1910,1940,2150,2220,2140,2310,2410,2430,2450,2470,2530,2510,2500,2500,2530,2560,2610,2640,2670,2720,2770,2720,2720,2740,2750,2770,2800,2820,2810,2780,2780,2760,2730,2680,2680,2650,2630,2600,2600,2600,2610,2600,2600,2590,2590,2610,2610,2610,2640,2660,2730,2790,2840,2860,2900,2970,3050,3090,3090,3080,3070,3050,3030,3010,3010,3010,3010,3010,3000,2980,2980,2960,2960,2950,2960,2980
476,1790,1800,1790,1790,1790,1790,1800,1800,1810,1810,1810,1820,1830,1830,1830,1820,1810,1820,1840,1840,1840,1850,1880,1900,1910,1940,2150,2220,2140,2310,2410,2430,2450,2470,2530,2510,2500,2500,2530,2560,2610,2640,2670,2720,2770,2720,2720,2740,2750,2770,2800,2820,2810,2780,2780,2760,2730,2680,2680,2650,2630,2600,2600,2600,2610,2600,2600,2590,2590,2610,2610,2610,2640,2660,2730,2790,2840,2860,2900,2970,3050,3090,3090,3080,3070,3050,3030,3010,3010,3010,3010,3010,3000,2980,2980,2960,2960,2950,2960,2980,2960
477,1800,1790,1790,1790,1790,1800,1800,1810,1810,1810,1820,1830,1830,1830,1820,1810,1820,1840,1840,1840,1850,1880,1900,1910,1940,2150,2220,2140,2310,2410,2430,2450,2470,2530,2510,2500,2500,2530,2560,2610,2640,2670,2720,2770,2720,2720,2740,2750,2770,2800,2820,2810,2780,2780,2760,2730,2680,2680,2650,2630,2600,2600,2600,2610,2600,2600,2590,2590,2610,2610,2610,2640,2660,2730,2790,2840,2860,2900,2970,3050,3090,3090,3080,3070,3050,3030,3010,3010,3010,3010,3010,3000,2980,2980,2960,2960,2950,2960,2980,2960,2950
478,1790,1790,1790,1790,1800,1800,1810,1810,1810,1820,1830,1830,1830,1820,1810,1820,1840,1840,1840,1850,1880,1900,1910,1940,2150,2220,2140,2310,2410,2430,2450,2470,2530,2510,2500,2500,2530,2560,2610,2640,2670,2720,2770,2720,2720,2740,2750,2770,2800,2820,2810,2780,2780,2760,2730,2680,2680,2650,2630,2600,2600,2600,2610,2600,2600,2590,2590,2610,2610,2610,2640,2660,2730,2790,2840,2860,2900,2970,3050,3090,3090,3080,3070,3050,3030,3010,3010,3010,3010,3010,3000,2980,2980,2960,2960,2950,2960,2980,2960,2950,2930
479,1790,1790,1790,1800,1800,1810,1810,1810,1820,1830,1830,1830,1820,1810,1820,1840,1840,1840,1850,1880,1900,1910,1940,2150,2220,2140,2310,2410,2430,2450,2470,2530,2510,2500,2500,2530,2560,2610,2640,2670,2720,2770,2720,2720,2740,2750,2770,2800,2820,2810,2780,2780,2760,2730,2680,2680,2650,2630,2600,2600,2600,2610,2600,2600,2590,2590,2610,2610,2610,2640,2660,2730,2790,2840,2860,2900,2970,3050,3090,3090,3080,3070,3050,3030,3010,3010,3010,3010,3010,3000,2980,2980,2960,2960,2950,2960,2980,2960,2950,2930,2910
480,1790,1790,1800,1800,1810,1810,1810,1820,1830,1830,1830,1820,1810,1820,1840,1840,1840,1850,1880,1900,1910,1940,2150,2220,2140,2310,2410,2430,2450,2470,2530,2510,2500,2500,2530,2560,2610,2640,2670,2720,2770,2720,2720,2740,2750,2770,2800,2820,2810,2780,2780,2760,2730,2680,2680,2650,2630,2600,2600,2600,2610,2600,2600,2590,2590,2610,2610,2610,2640,2660,2730,2790,2840,2860,2900,2970,3050,3090,3090,3080,3070,3050,3030,3010,3010,3010,3010,3010,3000,2980,2980,2960,2960,2950,2960,2980,2960,2950,2930,2910,2910
481,1790,1800,1800,1810,1810,1810,1820,1830,1830,1830,1820,1810,1820,1840,1840,1840,1850,1880,1900,1910,1940,2150,2220,2140,2310,2410,2430,2450,2470,2530,2510,2500,2500,2530,2560,2610,2640,2670,2720,2770,2720,2720,2740,2750,2770,2800,2820,2810,2780,2780,2760,2730,2680,2680,2650,2630,2600,2600,2600,2610,2600,2600,2590,2590,2610,2610,2610,2640,2660,2730,2790,2840,2860,2900,2970,3050,3090,3090,3080,3070,3050,3030,3010,3010,3010,3010,3010,3000,2980,2980,2960,2960,2950,2960,2980,2960,2950,2930,2910,2910,2910
482,1800,1800,1810,1810,1810,1820,1830,1830,1830,1820,1810,1820,1840,1840,1840,1850,1880,1900,1910,1940,2150,2220,2140,2310,2410,2430,2450,2470,2530,2510,2500,2500,2530,2560,2610,2640,2670,2720,2770,2720,2720,2740,2750,2770,2800,2820,2810,2780,2780,2760,2730,2680,2680,2650,2630,2600,2600,2600,2610,2600,2600,2590,2590,2610,2610,2610,2640,2660,2730,2790,2840,2860,2900,2970,3050,3090,3090,3080,3070,3050,3030,3010,3010,3010,3010,3010,3000,2980,2980,2960,2960,2950,2960,2980,2960,2950,2930,2910,2910,2910,2920
483,1800,1810,1810,1810,1820,1830,1830,1830,1820,1810,1820,1840,1840,1840,1850,1880,1900,1910,1940,2150,2220,2140,2310,2410,2430,2450,2470,2530,2510,2500,2500,2530,2560,2610,2640,2670,2720,2770,2720,2720,2740,2750,2770,2800,2820,2810,2780,2780,2760,2730,2680,2680,2650,2630,2600,2600,2600,2610,2600,2600,2590,2590,2610,2610,2610,2640,2660,2730,2790,2840,2860,2900,2970,3050,3090,3090,3080,3070,3050,3030,3010,3010,3010,3010,3010,3000,2980,2980,2960,2960,2950,2960,2980,2960,2950,2930,2910,2910,2910,2920,2900
484,1810,1810,1810,1820,1830,1830,1830,1820,1810,1820,1840,1840,1840,1850,1880,1900,1910,1940,2150,2220,2140,2310,2410,2430,2450,2470,2530,2510,2500,2500,2530,2560,2610,2640,2670,2720,2770,2720,2720,2740,2750,2770,2800,2820,2810,2780,2780,2760,2730,2680,2680,2650,2630,2600,2600,2600,2610,2600,2600,2590,2590,2610,2610,2610,2640,2660,2730,2790,2840,2860,2900,2970,3050,3090,3090,3080,3070,3050,3030,3010,3010,3010,3010,3010,3000,2980,2980,2960,2960,2950,2960,2980,2960,2950,2930,2910,2910,2910,2920,2900,2910
485,1810,1810,1820,1830,1830,1830,1820,1810,1820,1840,1840,1840,1850,1880,1900,1910,1940,2150,2220,2140,2310,2410,2430,2450,2470,2530,2510,2500,2500,2530,2560,2610,2640,2670,2720,2770,2720,2720,2740,2750,2770,2800,2820,2810,2780,2780,2760,2730,2680,2680,2650,2630,2600,2600,2600,2610,2600,2600,2590,2590,2610,2610,2610,2640,2660,2730,2790,2840,2860,2900,2970,3050,3090,3090,3080,3070,3050,3030,3010,3010,3010,3010,3010,3000,2980,2980,2960,2960,2950,2960,2980,2960,2950,2930,2910,2910,2910,2920,2900,2910,2900
486,1810,1820,1830,1830,1830,1820,1810,1820,1840,1840,1840,1850,1880,1900,1910,1940,2150,2220,2140,2310,2410,2430,2450,2470,2530,2510,2500,2500,2530,2560,2610,2640,2670,2720,2770,2720,2720,2740,2750,2770,2800,2820,2810,2780,2780,2760,2730,2680,2680,2650,2630,2600,2600,2600,2610,2600,2600,2590,2590,2610,2610,2610,2640,2660,2730,2790,2840,2860,2900,2970,3050,3090,3090,3080,3070,3050,3030,3010,3010,3010,3010,3010,3000,2980,2980,2960,2960,2950,2960,2980,2960,2950,2930,2910,2910,2910,2920,2900,2910,2900,2940
487,1820,1830,1830,1830,1820,1810,1820,1840,1840,1840,1850,1880,1900,1910,1940,2150,2220,2140,2310,2410,2430,2450,2470,2530,2510,2500,2500,2530,2560,2610,2640,2670,2720,2770,2720,2720,2740,2750,2770,2800,2820,2810,2780,2780,2760,2730,2680,2680,2650,2630,2600,2600,2600,2610,2600,2600,2590,2590,2610,2610,2610,2640,2660,2730,2790,2840,2860,2900,2970,3050,3090,3090,3080,3070,3050,3030,3010,3010,3010,3010,3010,3000,2980,2980,2960,2960,2950,2960,2980,2960,2950,2930,2910,2910,2910,2920,2900,2910,2900,2940,2930
488,1830,1830,1830,1820,1810,1820,1840,1840,1840,1850,1880,1900,1910,1940,2150,2220,2140,2310,2410,2430,2450,2470,2530,2510,2500,2500,2530,2560,2610,2640,2670,2720,2770,2720,2720,2740,2750,2770,2800,2820,2810,2780,2780,2760,2730,2680,2680,2650,2630,2600,2600,2600,2610,2600,2600,2590,2590,2610,2610,2610,2640,2660,2730,2790,2840,2860,2900,2970,3050,3090,3090,3080,3070,3050,3030,3010,3010,3010,3010,3010,3000,2980,2980,2960,2960,2950,2960,2980,2960,2950,2930,2910,2910,2910,2920,2900,2910,2900,2940,2930,2940
489,1830,1830,1820,1810,1820,1840,1840,1840,1850,1880,1900,1910,1940,2150,2220,2140,2310,2410,2430,2450,2470,2530,2510,2500,2500,2530,2560,2610,2640,2670,2720,2770,2720,2720,2740,2750,2770,2800,2820,2810,2780,2780,2760,2730,2680,2680,2650,2630,2600,2600,2600,2610,2600,2600,2590,2590,2610,2610,2610,2640,2660,2730,2790,2840,2860,2900,2970,3050,3090,3090,3080,3070,3050,3030,3010,3010,3010,3010,3010,3000,2980,2980,2960,2960,2950,2960,2980,2960,2950,2930,2910,2910,2910,2920,2900,2910,2900,2940,2930,2940,2920
490,1830,1820,1810,1820,1840,1840,1840,1850,1880,1900,1910,1940,2150,2220,2140,2310,2410,2430,2450,2470,2530,2510,2500,2500,2530,2560,2610,2640,2670,2720,2770,2720,2720,2740,2750,2770,2800,2820,2810,2780,2780,2760,2730,2680,2680,2650,2630,2600,2600,2600,2610,2600,2600,2590,2590,2610,2610,2610,2640,2660,2730,2790,2840,2860,2900,2970,3050,3090,3090,3080,3070,3050,3030,3010,3010,3010,3010,3010,3000,2980,2980,2960,2960,2950,2960,2980,2960,2950,2930,2910,2910,2910,2920,2900,2910,2900,2940,2930,2940,2920,2910
491,1820,1810,1820,1840,1840,1840,1850,1880,1900,1910,1940,2150,2220,2140,2310,2410,2430,2450,2470,2530,2510,2500,2500,2530,2560,2610,2640,2670,2720,2770,2720,2720,2740,2750,2770,2800,2820,2810,2780,2780,2760,2730,2680,2680,2650,2630,2600,2600,2600,2610,2600,2600,2590,2590,2610,2610,2610,2640,2660,2730,2790,2840,2860,2900,2970,3050,3090,3090,3080,3070,3050,3030,3010,3010,3010,3010,3010,3000,2980,2980,2960,2960,2950,2960,2980,2960,2950,2930,2910,2910,2910,2920,2900,2910,2900,2940,2930,2940,2920,2910,2920
492,1810,1820,1840,1840,1840,1850,1880,1900,1910,1940,2150,2220,2140,2310,2410,2430,2450,2470,2530,2510,2500,2500,2530,2560,2610,2640,2670,2720,2770,2720,2720,2740,2750,2770,2800,2820,2810,2780,2780,2760,2730,2680,2680,2650,2630,2600,2600,2600,2610,2600,2600,2590,2590,2610,2610,2610,2640,2660,2730,2790,2840,2860,2900,2970,3050,3090,3090,3080,3070,3050,3030,3010,3010,3010,3010,3010,3000,2980,2980,2960,2960,2950,2960,2980,2960,2950,2930,2910,2910,2910,2920,2900,2910,2900,2940,2930,2940,2920,2910,2920,2940
493,1820,1840,1840,1840,1850,1880,1900,1910,1940,2150,2220,2140,2310,2410,2430,2450,2470,2530,2510,2500,2500,2530,2560,2610,2640,2670,2720,2770,2720,2720,2740,2750,2770,2800,2820,2810,2780,2780,2760,2730,2680,2680,2650,2630,2600,2600,2600,2610,2600,2600,2590,2590,2610,2610,2610,2640,2660,2730,2790,2840,2860,2900,2970,3050,3090,3090,3080,3070,3050,3030,3010,3010,3010,3010,3010,3000,2980,2980,2960,2960,2950,2960,2980,2960,2950,2930,2910,2910,2910,2920,2900,2910,2900,2940,2930,2940,2920,2910,2920,2940,2930
494,1840,1840,1840,1850,1880,1900,1910,1940,2150,2220,2140,2310,2410,2430,2450,2470,2530,2510,2500,2500,2530,2560,2610,2640,2670,2720,2770,2720,2720,2740,2750,2770,2800,2820,2810,2780,2780,2760,2730,2680,2680,2650,2630,2600,2600,2600,2610,2600,2600,2590,2590,2610,2610,2610,2640,2660,2730,2790,2840,2860,2900,2970,3050,3090,3090,3080,3070,3050,3030,3010,3010,3010,3010,3010,3000,2980,2980,2960,2960,2950,2960,2980,2960,2950,2930,2910,2910,2910,2920,2900,2910,2900,2940,2930,2940,2920,2910,2920,2940,2930,2930
495,1840,1840,1850,1880,1900,1910,1940,2150,2220,2140,2310,2410,2430,2450,2470,2530,2510,2500,2500,2530,2560,2610,2640,2670,2720,2770,2720,2720,2740,2750,2770,2800,2820,2810,2780,2780,2760,2730,2680,2680,2650,2630,2600,2600,2600,2610,2600,2600,2590,2590,2610,2610,2610,2640,2660,2730,2790,2840,2860,2900,2970,3050,3090,3090,3080,3070,3050,3030,3010,3010,3010,3010,3010,3000,2980,2980,2960,2960,2950,2960,2980,2960,2950,2930,2910,2910,2910,2920,2900,2910,2900,2940,2930,2940,2920,2910,2920,2940,2930,2930,2940
496,1840,1850,1880,1900,1910,1940,2150,2220,2140,2310,2410,2430,2450,2470,2530,2510,2500,2500,2530,2560,2610,2640,2670,2720,2770,2720,2720,2740,2750,2770,2800,2820,2810,2780,2780,2760,2730,2680,2680,2650,2630,2600,2600,2600,2610,2600,2600,2590,2590,2610,2610,2610,2640,2660,2730,2790,2840,2860,2900,2970,3050,3090,3090,3080,3070,3050,3030,3010,3010,3010,3010,3010,3000,2980,2980,2960,2960,2950,2960,2980,2960,2950,2930,2910,2910,2910,2920,2900,2910,2900,2940,2930,2940,2920,2910,2920,2940,2930,2930,2940,2940
497,1850,1880,1900,1910,1940,2150,2220,2140,2310,2410,2430,2450,2470,2530,2510,2500,2500,2530,2560,2610,2640,2670,2720,2770,2720,2720,2740,2750,2770,2800,2820,2810,2780,2780,2760,2730,2680,2680,2650,2630,2600,2600,2600,2610,2600,2600,2590,2590,2610,2610,2610,2640,2660,2730,2790,2840,2860,2900,2970,3050,3090,3090,3080,3070,3050,3030,3010,3010,3010,3010,3010,3000,2980,2980,2960,2960,2950,2960,2980,2960,2950,2930,2910,2910,2910,2920,2900,2910,2900,2940,2930,2940,2920,2910,2920,2940,2930,2930,2940,2940,2920
498,1880,1900,1910,1940,2150,2220,2140,2310,2410,2430,2450,2470,2530,2510,2500,2500,2530,2560,2610,2640,2670,2720,2770,2720,2720,2740,2750,2770,2800,2820,2810,2780,2780,2760,2730,2680,2680,2650,2630,2600,2600,2600,2610,2600,2600,2590,2590,2610,2610,2610,2640,2660,2730,2790,2840,2860,2900,2970,3050,3090,3090,3080,3070,3050,3030,3010,3010,3010,3010,3010,3000,2980,2980,2960,2960,2950,2960,2980,2960,2950,2930,2910,2910,2910,2920,2900,2910,2900,2940,2930,2940,2920,2910,2920,2940,2930,2930,2940,2940,2920,2930
499,1900,1910,1940,2150,2220,2140,2310,2410,2430,2450,2470,2530,2510,2500,2500,2530,2560,2610,2640,2670,2720,2770,2720,2720,2740,2750,2770,2800,2820,2810,2780,2780,2760,2730,2680,2680,2650,2630,2600,2600,2600,2610,2600,2600,2590,2590,2610,2610,2610,2640,2660,2730,2790,2840,2860,2900,2970,3050,3090,3090,3080,3070,3050,3030,3010,3010,3010,3010,3010,3000,2980,2980,2960,2960,2950,2960,2980,2960,2950,2930,2910,2910,2910,2920,2900,2910,2900,2940,2930,2940,2920,2910,2920,2940,2930,2930,2940,2940,2920,2930,2930
500,1910,1940,2150,2220,2140,2310,2410,2430,2450,2470,2530,2510,2500,2500,2530,2560,2610,2640,2670,2720,2770,2720,2720,2740,2750,2770,2800,2820,2810,2780,2780,2760,2730,2680,2680,2650,2630,2600,2600,2600,2610,2600,2600,2590,2590,2610,2610,2610,2640,2660,2730,2790,2840,2860,2900,2970,3050,3090,3090,3080,3070,3050,3030,3010,3010,3010,3010,3010,3000,2980,2980,2960,2960,2950,2960,2980,2960,2950,2930,2910,2910,2910,2920,2900,2910,2900,2940,2930,2940,2920,2910,2920,2940,2930,2930,2940,2940,2920,2930,2930,2920
501,1940,2150,2220,2140,2310,2410,2430,2450,2470,2530,2510,2500,2500,2530,2560,2610,2640,2670,2720,2770,2720,2720,2740,2750,2770,2800,2820,2810,2780,2780,2760,2730,2680,2680,2650,2630,2600,2600,2600,2610,2600,2600,2590,2590,2610,2610,2610,2640,2660,2730,2790,2840,2860,2900,2970,3050,3090,3090,3080,3070,3050,3030,3010,3010,3010,3010,3010,3000,2980,2980,2960,2960,2950,2960,2980,2960,2950,2930,2910,2910,2910,2920,2900,2910,2900,2940,2930,2940,2920,2910,2920,2940,2930,2930,2940,2940,2920,2930,2930,2920,2910
502,2150,2220,2140,2310,2410,2430,2450,2470,2530,2510,2500,2500,2530,2560,2610,2640,2670,2720,2770,2720,2720,2740,2750,2770,2800,2820,2810,2780,2780,2760,2730,2680,2680,2650,2630,2600,2600,2600,2610,2600,2600,2590,2590,2610,2610,2610,2640,2660,2730,2790,2840,2860,2900,2970,3050,3090,3090,3080,3070,3050,3030,3010,3010,3010,3010,3010,3000,2980,2980,2960,2960,2950,2960,2980,2960,2950,2930,2910,2910,2910,2920,2900,2910,2900,2940,2930,2940,2920,2910,2920,2940,2930,2930,2940,2940,2920,2930,2930,2920,2910,2920
503,2220,2140,2310,2410,2430,2450,2470,2530,2510,2500,2500,2530,2560,2610,2640,2670,2720,2770,2720,2720,2740,2750,2770,2800,2820,2810,2780,2780,2760,2730,2680,2680,2650,2630,2600,2600,2600,2610,2600,2600,2590,2590,2610,2610,2610,2640,2660,2730,2790,2840,2860,2900,2970,3050,3090,3090,3080,3070,3050,3030,3010,3010,3010,3010,3010,3000,2980,2980,2960,2960,2950,2960,2980,2960,2950,2930,2910,2910,2910,2920,2900,2910,2900,2940,2930,2940,2920,2910,2920,2940,2930,2930,2940,2940,2920,2930,2930,2920,2910,2920,2900
504,2140,2310,2410,2430,2450,2470,2530,2510,2500,2500,2530,2560,2610,2640,2670,2720,2770,2720,2720,2740,2750,2770,2800,2820,2810,2780,2780,2760,2730,2680,2680,2650,2630,2600,2600,2600,2610,2600,2600,2590,2590,2610,2610,2610,2640,2660,2730,2790,2840,2860,2900,2970,3050,3090,3090,3080,3070,3050,3030,3010,3010,3010,3010,3010,3000,2980,2980,2960,2960,2950,2960,2980,2960,2950,2930,2910,2910,2910,2920,2900,2910,2900,2940,2930,2940,2920,2910,2920,2940,2930,2930,2940,2940,2920,2930,2930,2920,2910,2920,2900,2920
505,2310,2410,2430,2450,2470,2530,2510,2500,2500,2530,2560,2610,2640,2670,2720,2770,2720,2720,2740,2750,2770,2800,2820,2810,2780,2780,2760,2730,2680,2680,2650,2630,2600,2600,2600,2610,2600,2600,2590,2590,2610,2610,2610,2640,2660,2730,2790,2840,2860,2900,2970,3050,3090,3090,3080,3070,3050,3030,3010,3010,3010,3010,3010,3000,2980,2980,2960,2960,2950,2960,2980,2960,2950,2930,2910,2910,2910,2920,2900,2910,2900,2940,2930,2940,2920,2910,2920,2940,2930,2930,2940,2940,2920,2930,2930,2920,2910,2920,2900,2920,2930
506,2410,2430,2450,2470,2530,2510,2500,2500,2530,2560,2610,2640,2670,2720,2770,2720,2720,2740,2750,2770,2800,2820,2810,2780,2780,2760,2730,2680,2680,2650,2630,2600,2600,2600,2610,2600,2600,2590,2590,2610,2610,2610,2640,2660,2730,2790,2840,2860,2900,2970,3050,3090,3090,3080,3070,3050,3030,3010,3010,3010,3010,3010,3000,2980,2980,2960,2960,2950,2960,2980,2960,2950,2930,2910,2910,2910,2920,2900,2910,2900,2940,2930,2940,2920,2910,2920,2940,2930,2930,2940,2940,2920,2930,2930,2920,2910,2920,2900,2920,2930,2920
507,2430,2450,2470,2530,2510,2500,2500,2530,2560,2610,2640,2670,2720,2770,2720,2720,2740,2750,2770,2800,2820,2810,2780,2780,2760,2730,2680,2680,2650,2630,2600,2600,2600,2610,2600,2600,2590,2590,2610,2610,2610,2640,2660,2730,2790,2840,2860,2900,2970,3050,3090,3090,3080,3070,3050,3030,3010,3010,3010,3010,3010,3000,2980,2980,2960,2960,2950,2960,2980,2960,2950,2930,2910,2910,2910,2920,2900,2910,2900,2940,2930,2940,2920,2910,2920,2940,2930,2930,2940,2940,2920,2930,2930,2920,2910,2920,2900,2920,2930,2920,2930
508,2450,2470,2530,2510,2500,2500,2530,2560,2610,2640,2670,2720,2770,2720,2720,2740,2750,2770,2800,2820,2810,2780,2780,2760,2730,2680,2680,2650,2630,2600,2600,2600,2610,2600,2600,2590,2590,2610,2610,2610,2640,2660,2730,2790,2840,2860,2900,2970,3050,3090,3090,3080,3070,3050,3030,3010,3010,3010,3010,3010,3000,2980,2980,2960,2960,2950,2960,2980,2960,2950,2930,2910,2910,2910,2920,2900,2910,2900,2940,2930,2940,2920,2910,2920,2940,2930,2930,2940,2940,2920,2930,2930,2920,2910,2920,2900,2920,2930,2920,2930,2910
509,2470,2530,2510,2500,2500,2530,2560,2610,2640,2670,2720,2770,2720,2720,2740,2750,2770,2800,2820,2810,2780,2780,2760,2730,2680,2680,2650,2630,2600,2600,2600,2610,2600,2600,2590,2590,2610,2610,2610,2640,2660,2730,2790,2840,2860,2900,2970,3050,3090,3090,3080,3070,3050,3030,3010,3010,3010,3010,3010,3000,2980,2980,2960,2960,2950,2960,2980,2960,2950,2930,2910,2910,2910,2920,2900,2910,2900,2940,2930,2940,2920,2910,2920,2940,2930,2930,2940,2940,2920,2930,2930,2920,2910,2920,2900,2920,2930,2920,2930,2910,2930
510,2530,2510,2500,2500,2530,2560,2610,2640,2670,2720,2770,2720,2720,2740,2750,2770,2800,2820,2810,2780,2780,2760,2730,2680,2680,2650,2630,2600,2600,2600,2610,2600,2600,2590,2590,2610,2610,2610,2640,2660,2730,2790,2840,2860,2900,2970,3050,3090,3090,3080,3070,3050,3030,3010,3010,3010,3010,3010,3000,2980,2980,2960,2960,2950,2960,2980,2960,2950,2930,2910,2910,2910,2920,2900,2910,2900,2940,2930,2940,2920,2910,2920,2940,2930,2930,2940,2940,2920,2930,2930,2920,2910,2920,2900,2920,2930,2920,2930,2910,2930,2930
511,2510,2500,2500,2530,2560,2610,2640,2670,2720,2770,2720,2720,2740,2750,2770,2800,2820,2810,2780,2780,2760,2730,2680,2680,2650,2630,2600,2600,2600,2610,2600,2600,2590,2590,2610,2610,2610,2640,2660,2730,2790,2840,2860,2900,2970,3050,3090,3090,3080,3070,3050,3030,3010,3010,3010,3010,3010,3000,2980,2980,2960,2960,2950,2960,2980,2960,2950,2930,2910,2910,2910,2920,2900,2910,2900,2940,2930,2940,2920,2910,2920,2940,2930,2930,2940,2940,2920,2930,2930,2920,2910,2920,2900,2920,2930,2920,2930,2910,2930,2930,2940
512,2500,2500,2530,2560,2610,2640,2670,2720,2770,2720,2720,2740,2750,2770,2800,2820,2810,2780,2780,2760,2730,2680,2680,2650,2630,2600,2600,2600,2610,2600,2600,2590,2590,2610,2610,2610,2640,2660,2730,2790,2840,2860,2900,2970,3050,3090,3090,3080,3070,3050,3030,3010,3010,3010,3010,3010,3000,2980,2980,2960,2960,2950,2960,2980,2960,2950,2930,2910,2910,2910,2920,2900,2910,2900,2940,2930,2940,2920,2910,2920,2940,2930,2930,2940,2940,2920,2930,2930,2920,2910,2920,2900,2920,2930,2920,2930,2910,2930,2930,2940,2960
513,2500,2530,2560,2610,2640,2670,2720,2770,2720,2720,2740,2750,2770,2800,2820,2810,2780,2780,2760,2730,2680,2680,2650,2630,2600,2600,2600,2610,2600,2600,2590,2590,2610,2610,2610,2640,2660,2730,2790,2840,2860,2900,2970,3050,3090,3090,3080,3070,3050,3030,3010,3010,3010,3010,3010,3000,2980,2980,2960,2960,2950,2960,2980,2960,2950,2930,2910,2910,2910,2920,2900,2910,2900,2940,2930,2940,2920,2910,2920,2940,2930,2930,2940,2940,2920,2930,2930,2920,2910,2920,2900,2920,2930,2920,2930,2910,2930,2930,2940,2960,2960
514,2530,2560,2610,2640,2670,2720,2770,2720,2720,2740,2750,2770,2800,2820,2810,2780,2780,2760,2730,2680,2680,2650,2630,2600,2600,2600,2610,2600,2600,2590,2590,2610,2610,2610,2640,2660,2730,2790,2840,2860,2900,2970,3050,3090,3090,3080,3070,3050,3030,3010,3010,3010,3010,3010,3000,2980,2980,2960,2960,2950,2960,2980,2960,2950,2930,2910,2910,2910,2920,2900,2910,2900,2940,2930,2940,2920,2910,2920,2940,2930,2930,2940,2940,2920,2930,2930,2920,2910,2920,2900,2920,2930,2920,2930,2910,2930,2930,2940,2960,2960,2950
515,2560,2610,2640,2670,2720,2770,2720,2720,2740,2750,2770,2800,2820,2810,2780,2780,2760,2730,2680,2680,2650,2630,2600,2600,2600,2610,2600,2600,2590,2590,2610,2610,2610,2640,2660,2730,2790,2840,2860,2900,2970,3050,3090,3090,3080,3070,3050,3030,3010,3010,3010,3010,3010,3000,2980,2980,2960,2960,2950,2960,2980,2960,2950,2930,2910,2910,2910,2920,2900,2910,2900,2940,2930,2940,2920,2910,2920,2940,2930,2930,2940,2940,2920,2930,2930,2920,2910,2920,2900,2920,2930,2920,2930,2910,2930,2930,2940,2960,2960,2950,2950
516,2610,2640,2670,2720,2770,2720,2720,2740,2750,2770,2800,2820,2810,2780,2780,2760,2730,2680,2680,2650,2630,2600,2600,2600,2610,2600,2600,2590,2590,2610,2610,2610,2640,2660,2730,2790,2840,2860,2900,2970,3050,3090,3090,3080,3070,3050,3030,3010,3010,3010,3010,3010,3000,2980,2980,2960,2960,2950,2960,2980,2960,2950,2930,2910,2910,2910,2920,2900,2910,2900,2940,2930,2940,2920,2910,2920,2940,2930,2930,2940,2940,2920,2930,2930,2920,2910,2920,2900,2920,2930,2920,2930,2910,2930,2930,2940,2960,2960,2950,2950,2970
517,2640,2670,2720,2770,2720,2720,2740,2750,2770,2800,2820,2810,2780,2780,2760,2730,2680,2680,2650,2630,2600,2600,2600,2610,2600,2600,2590,2590,2610,2610,2610,2640,2660,2730,2790,2840,2860,2900,2970,3050,3090,3090,3080,3070,3050,3030,3010,3010,3010,3010,3010,3000,2980,2980,2960,2960,2950,2960,2980,2960,2950,2930,2910,2910,2910,2920,2900,2910,2900,2940,2930,2940,2920,2910,2920,2940,2930,2930,2940,2940,2920,2930,2930,2920,2910,2920,2900,2920,2930,2920,2930,2910,2930,2930,2940,2960,2960,2950,2950,2970,2980
518,2670,2720,2770,2720,2720,2740,2750,2770,2800,2820,2810,2780,2780,2760,2730,2680,2680,2650,2630,2600,2600,2600,2610,2600,2600,2590,2590,2610,2610,2610,2640,2660,2730,2790,2840,2860,2900,2970,3050,3090,3090,3080,3070,3050,3030,3010,3010,3010,3010,3010,3000,2980,2980,2960,2960,2950,2960,2980,2960,2950,2930,2910,2910,2910,2920,2900,2910,2900,2940,2930,2940,2920,2910,2920,2940,2930,2930,2940,2940,2920,2930,2930,2920,2910,2920,2900,2920,2930,2920,2930,2910,2930,2930,2940,2960,2960,2950,2950,2970,2980,2990
519,2720,2770,2720,2720,2740,2750,2770,2800,2820,2810,2780,2780,2760,2730,2680,2680,2650,2630,2600,2600,2600,2610,2600,2600,2590,2590,2610,2610,2610,2640,2660,2730,2790,2840,2860,2900,2970,3050,3090,3090,3080,3070,3050,3030,3010,3010,3010,3010,3010,3000,2980,2980,2960,2960,2950,2960,2980,2960,2950,2930,2910,2910,2910,2920,2900,2910,2900,2940,2930,2940,2920,2910,2920,2940,2930,2930,2940,2940,2920,2930,2930,2920,2910,2920,2900,2920,2930,2920,2930,2910,2930,2930,2940,2960,2960,2950,2950,2970,2980,2990,3010
520,2770,2720,2720,2740,2750,2770,2800,2820,2810,2780,2780,2760,2730,2680,2680,2650,2630,2600,2600,2600,2610,2600,2600,2590,2590,2610,2610,2610,2640,2660,2730,2790,2840,2860,2900,2970,3050,3090,3090,3080,3070,3050,3030,3010,3010,3010,3010,3010,3000,2980,2980,2960,2960,2950,2960,2980,2960,2950,2930,2910,2910,2910,2920,2900,2910,2900,2940,2930,2940,2920,2910,2920,2940,2930,2930,2940,2940,2920,2930,2930,2920,2910,2920,2900,2920,2930,2920,2930,2910,2930,2930,2940,2960,2960,2950,2950,2970,2980,2990,3010,3030
521,2720,2720,2740,2750,2770,2800,2820,2810,2780,2780,2760,2730,2680,2680,2650,2630,2600,2600,2600,2610,2600,2600,2590,2590,2610,2610,2610,2640,2660,2730,2790,2840,2860,2900,2970,3050,3090,3090,3080,3070,3050,3030,3010,3010,3010,3010,3010,3000,2980,2980,2960,2960,2950,2960,2980,2960,2950,2930,2910,2910,2910,2920,2900,2910,2900,2940,2930,2940,2920,2910,2920,2940,2930,2930,2940,2940,2920,2930,2930,2920,2910,2920,2900,2920,2930,2920,2930,2910,2930,2930,2940,2960,2960,2950,2950,2970,2980,2990,3010,3030,3030
522,2720,2740,2750,2770,2800,2820,2810,2780,2780,2760,2730,2680,2680,2650,2630,2600,2600,2600,2610,2600,2600,2590,2590,2610,2610,2610,2640,2660,2730,2790,2840,2860,2900,2970,3050,3090,3090,3080,3070,3050,3030,3010,3010,3010,3010,3010,3000,2980,2980,2960,2960,2950,2960,2980,2960,2950,2930,2910,2910,2910,2920,2900,2910,2900,2940,2930,2940,2920,2910,2920,2940,2930,2930,2940,2940,2920,2930,2930,2920,2910,2920,2900,2920,2930,2920,2930,2910,2930,2930,2940,2960,2960,2950,2950,2970,2980,2990,3010,3030,3030,3020
523,2740,2750,2770,2800,2820,2810,2780,2780,2760,2730,2680,2680,2650,2630,2600,2600,2600,2610,2600,2600,2590,2590,2610,2610,2610,2640,2660,2730,2790,2840,2860,2900,2970,3050,3090,3090,3080,3070,3050,3030,3010,3010,3010,3010,3010,3000,2980,2980,2960,2960,2950,2960,2980,2960,2950,2930,2910,2910,2910,2920,2900,2910,2900,2940,2930,2940,2920,2910,2920,2940,2930,2930,2940,2940,2920,2930,2930,2920,2910,2920,2900,2920,2930,2920,2930,2910,2930,2930,2940,2960,2960,2950,2950,2970,2980,2990,3010,3030,3030,3020,3040
524,2750,2770,2800,2820,2810,2780,2780,2760,2730,2680,2680,2650,2630,2600,2600,2600,2610,2600,2600,2590,2590,2610,2610,2610,2640,2660,2730,2790,2840,2860,2900,2970,3050,3090,3090,3080,3070,3050,3030,3010,3010,3010,3010,3010,3000,2980,2980,2960,2960,2950,2960,2980,2960,2950,2930,2910,2910,2910,2920,2900,2910,2900,2940,2930,2940,2920,2910,2920,2940,2930,2930,2940,2940,2920,2930,2930,2920,2910,2920,2900,2920,2930,2920,2930,2910,2930,2930,2940,2960,2960,2950,2950,2970,2980,2990,3010,3030,3030,3020,3040,3060
525,2770,2800,2820,2810,2780,2780,2760,2730,2680,2680,2650,2630,2600,2600,2600,2610,2600,2600,2590,2590,2610,2610,2610,2640,2660,2730,2790,2840,2860,2900,2970,3050,3090,3090,3080,3070,3050,3030,3010,3010,3010,3010,3010,3000,2980,2980,2960,2960,2950,2960,2980,2960,2950,2930,2910,2910,2910,2920,2900,2910,2900,2940,2930,2940,2920,2910,2920,2940,2930,2930,2940,2940,2920,2930,2930,2920,2910,2920,2900,2920,2930,2920,2930,2910,2930,2930,2940,2960,2960,2950,2950,2970,2980,2990,3010,3030,3030,3020,3040,3060,3060
526,2800,2820,2810,2780,2780,2760,2730,2680,2680,2650,2630,2600,2600,2600,2610,2600,2600,2590,2590,2610,2610,2610,2640,2660,2730,2790,2840,2860,2900,2970,3050,3090,3090,3080,3070,3050,3030,3010,3010,3010,3010,3010,3000,2980,2980,2960,2960,2950,2960,2980,2960,2950,2930,2910,2910,2910,2920,2900,2910,2900,2940,2930,2940,2920,2910,2920,2940,2930,2930,2940,2940,2920,2930,2930,2920,2910,2920,2900,2920,2930,2920,2930,2910,2930,2930,2940,2960,2960,2950,2950,2970,2980,2990,3010,3030,3030,3020,3040,3060,3060,3070
527,2820,2810,2780,2780,2760,2730,2680,2680,2650,2630,2600,2600,2600,2610,2600,2600,2590,2590,2610,2610,2610,2640,2660,2730,2790,2840,2860,2900,2970,3050,3090,3090,3080,3070,3050,3030,3010,3010,3010,3010,3010,3000,2980,2980,2960,2960,2950,2960,2980,2960,2950,2930,2910,2910,2910,2920,2900,2910,2900,2940,2930,2940,2920,2910,2920,2940,2930,2930,2940,2940,2920,2930,2930,2920,2910,2920,2900,2920,2930,2920,2930,2910,2930,2930,2940,2960,2960,2950,2950,2970,2980,2990,3010,3030,3030,3020,3040,3060,3060,3070,3080
528,2810,2780,2780,2760,2730,2680,2680,2650,2630,2600,2600,2600,2610,2600,2600,2590,2590,2610,2610,2610,2640,2660,2730,2790,2840,2860,2900,2970,3050,3090,3090,3080,3070,3050,3030,3010,3010,3010,3010,3010,3000,2980,2980,2960,2960,2950,2960,2980,2960,2950,2930,2910,2910,2910,2920,2900,2910,2900,2940,2930,2940,2920,2910,2920,2940,2930,2930,2940,2940,2920,2930,2930,2920,2910,2920,2900,2920,2930,2920,2930,2910,2930,2930,2940,2960,2960,2950,2950,2970,2980,2990,3010,3030,3030,3020,3040,3060,3060,3070,3080,3100
529,2780,2780,2760,2730,2680,2680,2650,2630,2600,2600,2600,2610,2600,2600,2590,2590,2610,2610,2610,2640,2660,2730,2790,2840,2860,2900,2970,3050,3090,3090,3080,3070,3050,3030,3010,3010,3010,3010,3010,3000,2980,2980,2960,2960,2950,2960,2980,2960,2950,2930,2910,2910,2910,2920,2900,2910,2900,2940,2930,2940,2920,2910,2920,2940,2930,2930,2940,2940,2920,2930,2930,2920,2910,2920,2900,2920,2930,2920,2930,2910,2930,2930,2940,2960,2960,2950,2950,2970,2980,2990,3010,3030,3030,3020,3040,3060,3060,3070,3080,3100,3100
530,2780,2760,2730,2680,2680,2650,2630,2600,2600,2600,2610,2600,2600,2590,2590,2610,2610,2610,2640,2660,2730,2790,2840,2860,2900,2970,3050,3090,3090,3080,3070,3050,3030,3010,3010,3010,3010,3010,3000,2980,2980,2960,2960,2950,2960,2980,2960,2950,2930,2910,2910,2910,2920,2900,2910,2900,2940,2930,2940,2920,2910,2920,2940,2930,2930,2940,2940,2920,2930,2930,2920,2910,2920,2900,2920,2930,2920,2930,2910,2930,2930,2940,2960,2960,2950,2950,2970,2980,2990,3010,3030,3030,3020,3040,3060,3060,3070,3080,3100,3100,3100
531,2760,2730,2680,2680,2650,2630,2600,2600,2600,2610,2600,2600,2590,2590,2610,2610,2610,2640,2660,2730,2790,2840,2860,2900,2970,3050,3090,3090,3080,3070,3050,3030,3010,3010,3010,3010,3010,3000,2980,2980,2960,2960,2950,2960,2980,2960,2950,2930,2910,2910,2910,2920,2900,2910,2900,2940,2930,2940,2920,2910,2920,2940,2930,2930,2940,2940,2920,2930,2930,2920,2910,2920,2900,2920,2930,2920,2930,2910,2930,2930,2940,2960,2960,2950,2950,2970,2980,2990,3010,3030,3030,3020,3040,3060,3060,3070,3080,3100,3100,3100,3110
532,2730,2680,2680,2650,2630,2600,2600,2600,2610,2600,2600,2590,2590,2610,2610,2610,2640,2660,2730,2790,2840,2860,2900,2970,3050,3090,3090,3080,3070,3050,3030,3010,3010,3010,3010,3010,3000,2980,2980,2960,2960,2950,2960,2980,2960,2950,2930,2910,2910,2910,2920,2900,2910,2900,2940,2930,2940,2920,2910,2920,2940,2930,2930,2940,2940,2920,2930,2930,2920,2910,2920,2900,2920,2930,2920,2930,2910,2930,2930,2940,2960,2960,2950,2950,2970,2980,2990,3010,3030,3030,3020,3040,3060,3060,3070,3080,3100,3100,3100,3110,3100
533,2680,2680,2650,2630,2600,2600,2600,2610,2600,2600,2590,2590,2610,2610,2610,2640,2660,2730,2790,2840,2860,2900,2970,3050,3090,3090,3080,3070,3050,3030,3010,3010,3010,3010,3010,3000,2980,2980,2960,2960,2950,2960,2980,2960,2950,2930,2910,2910,2910,2920,2900,2910,2900,2940,2930,2940,2920,2910,2920,2940,2930,2930,2940,2940,2920,2930,2930,2920,2910,2920,2900,2920,2930,2920,2930,2910,2930,2930,2940,2960,2960,2950,2950,2970,2980,2990,3010,3030,3030,3020,3040,3060,3060,3070,3080,3100,3100,3100,3110,3100,3110
534,2680,2650,2630,2600,2600,2600,2610,2600,2600,2590,2590,2610,2610,2610,2640,2660,2730,2790,2840,2860,2900,2970,3050,3090,3090,3080,3070,3050,3030,3010,3010,3010,3010,3010,3000,2980,2980,2960,2960,2950,2960,2980,2960,2950,2930,2910,2910,2910,2920,2900,2910,2900,2940,2930,2940,2920,2910,2920,2940,2930,2930,2940,2940,2920,2930,2930,2920,2910,2920,2900,2920,2930,2920,2930,2910,2930,2930,2940,2960,2960,2950,2950,2970,2980,2990,3010,3030,3030,3020,3040,3060,3060,3070,3080,3100,3100,3100,3110,3100,3110,3130
535,2650,2630,2600,2600,2600,2610,2600,2600,2590,2590,2610,2610,2610,2640,2660,2730,2790,2840,2860,2900,2970,3050,3090,3090,3080,3070,3050,3030,3010,3010,3010,3010,3010,3000,2980,2980,2960,2960,2950,2960,2980,2960,2950,2930,2910,2910,2910,2920,2900,2910,2900,2940,2930,2940,2920,2910,2920,2940,2930,2930,2940,2940,2920,2930,2930,2920,2910,2920,2900,2920,2930,2920,2930,2910,2930,2930,2940,2960,2960,2950,2950,2970,2980,2990,3010,3030,3030,3020,3040,3060,3060,3070,3080,3100,3100,3100,3110,3100,3110,3130,3140
536,2630,2600,2600,2600,2610,2600,2600,2590,2590,2610,2610,2610,2640,2660,2730,2790,2840,2860,2900,2970,3050,3090,3090,3080,3070,3050,3030,3010,3010,3010,3010,3010,3000,2980,2980,2960,2960,2950,2960,2980,2960,2950,2930,2910,2910,2910,2920,2900,2910,2900,2940,2930,2940,2920,2910,2920,2940,2930,2930,2940,2940,2920,2930,2930,2920,2910,2920,2900,2920,2930,2920,2930,2910,2930,2930,2940,2960,2960,2950,2950,2970,2980,2990,3010,3030,3030,3020,3040,3060,3060,3070,3080,3100,3100,3100,3110,3100,3110,3130,3140,3130
537,2600,2600,2600,2610,2600,2600,2590,2590,2610,2610,2610,2640,2660,2730,2790,2840,2860,2900,2970,3050,3090,3090,3080,3070,3050,3030,3010,3010,3010,3010,3010,3000,2980,2980,2960,2960,2950,2960,2980,2960,2950,2930,2910,2910,2910,2920,2900,2910,2900,2940,2930,2940,2920,2910,2920,2940,2930,2930,2940,2940,2920,2930,2930,2920,2910,2920,2900,2920,2930,2920,2930,2910,2930,2930,2940,2960,2960,2950,2950,2970,2980,2990,3010,3030,3030,3020,3040,3060,3060,3070,3080,3100,3100,3100,3110,3100,3110,3130,3140,3130,3120
538,2600,2600,2610,2600,2600,2590,2590,2610,2610,2610,2640,2660,2730,2790,2840,2860,2900,2970,3050,3090,3090,3080,3070,3050,3030,3010,3010,3010,3010,3010,3000,2980,2980,2960,2960,2950,2960,2980,2960,2950,2930,2910,2910,2910,2920,2900,2910,2900,2940,2930,2940,2920,2910,2920,2940,2930,2930,2940,2940,2920,2930,2930,2920,2910,2920,2900,2920,2930,2920,2930,2910,2930,2930,2940,2960,2960,2950,2950,2970,2980,2990,3010,3030,3030,3020,3040,3060,3060,3070,3080,3100,3100,3100,3110,3100,3110,3130,3140,3130,3120,3130
539,2600,2610,2600,2600,2590,2590,2610,2610,2610,2640,2660,2730,2790,2840,2860,2900,2970,3050,3090,3090,3080,3070,3050,3030,3010,3010,3010,3010,3010,3000,2980,2980,2960,2960,2950,2960,2980,2960,2950,2930,2910,2910,2910,2920,2900,2910,2900,2940,2930,2940,2920,2910,2920,2940,2930,2930,2940,2940,2920,2930,2930,2920,2910,2920,2900,2920,2930,2920,2930,2910,2930,2930,2940,2960,2960,2950,2950,2970,2980,2990,3010,3030,3030,3020,3040,3060,3060,3070,3080,3100,3100,3100,3110,3100,3110,3130,3140,3130,3120,3130,3140
540,2610,2600,2600,2590,2590,2610,2610,2610,2640,2660,2730,2790,2840,2860,2900,2970,3050,3090,3090,3080,3070,3050,3030,3010,3010,3010,3010,3010,3000,2980,2980,2960,2960,2950,2960,2980,2960,2950,2930,2910,2910,2910,2920,2900,2910,2900,2940,2930,2940,2920,2910,2920,2940,2930,2930,2940,2940,2920,2930,2930,2920,2910,2920,2900,2920,2930,2920,2930,2910,2930,2930,2940,2960,2960,2950,2950,2970,2980,2990,3010,3030,3030,3020,3040,3060,3060,3070,3080,3100,3100,3100,3110,3100,3110,3130,3140,3130,3120,3130,3140,3150
541,2600,2600,2590,2590,2610,2610,2610,2640,2660,2730,2790,2840,2860,2900,2970,3050,3090,3090,3080,3070,3050,3030,3010,3010,3010,3010,3010,3000,2980,2980,2960,2960,2950,2960,2980,2960,2950,2930,2910,2910,2910,2920,2900,2910,2900,2940,2930,2940,2920,2910,2920,2940,2930,2930,2940,2940,2920,2930,2930,2920,2910,2920,2900,2920,2930,2920,2930,2910,2930,2930,2940,2960,2960,2950,2950,2970,2980,2990,3010,3030,3030,3020,3040,3060,3060,3070,3080,3100,3100,3100,3110,3100,3110,3130,3140,3130,3120,3130,3140,3150,3150
542,2600,2590,2590,2610,2610,2610,2640,2660,2730,2790,2840,2860,2900,2970,3050,3090,3090,3080,3070,3050,3030,3010,3010,3010,3010,3010,3000,2980,2980,2960,2960,2950,2960,2980,2960,2950,2930,2910,2910,2910,2920,2900,2910,2900,2940,2930,2940,2920,2910,2920,2940,2930,2930,2940,2940,2920,2930,2930,2920,2910,2920,2900,2920,2930,2920,2930,2910,2930,2930,2940,2960,2960,2950,2950,2970,2980,2990,3010,3030,3030,3020,3040,3060,3060,3070,3080,3100,3100,3100,3110,3100,3110,3130,3140,3130,3120,3130,3140,3150,3150,3170
543,2590,2590,2610,2610,2610,2640,2660,2730,2790,2840,2860,2900,2970,3050,3090,3090,3080,3070,3050,3030,3010,3010,3010,3010,3010,3000,2980,2980,2960,2960,2950,2960,2980,2960,2950,2930,2910,2910,2910,2920,2900,2910,2900,2940,2930,2940,2920,2910,2920,2940,2930,2930,2940,2940,2920,2930,2930,2920,2910,2920,2900,2920,2930,2920,2930,2910,2930,2930,2940,2960,2960,2950,2950,2970,2980,2990,3010,3030,3030,3020,3040,3060,3060,3070,3080,3100,3100,3100,3110,3100,3110,3130,3140,3130,3120,3130,3140,3150,3150,3170,3160
544,2590,2610,2610,2610,2640,2660,2730,2790,2840,2860,2900,2970,3050,3090,3090,3080,3070,3050,3030,3010,3010,3010,3010,3010,3000,2980,2980,2960,2960,2950,2960,2980,2960,2950,2930,2910,2910,2910,2920,2900,2910,2900,2940,2930,2940,2920,2910,2920,2940,2930,2930,2940,2940,2920,2930,2930,2920,2910,2920,2900,2920,2930,2920,2930,2910,2930,2930,2940,2960,2960,2950,2950,2970,2980,2990,3010,3030,3030,3020,3040,3060,3060,3070,3080,3100,3100,3100,3110,3100,3110,3130,3140,3130,3120,3130,3140,3150,3150,3170,3160,3170
545,2610,2610,2610,2640,2660,2730,2790,2840,2860,2900,2970,3050,3090,3090,3080,3070,3050,3030,3010,3010,3010,3010,3010,3000,2980,2980,2960,2960,2950,2960,2980,2960,2950,2930,2910,2910,2910,2920,2900,2910,2900,2940,2930,2940,2920,2910,2920,2940,2930,2930,2940,2940,2920,2930,2930,2920,2910,2920,2900,2920,2930,2920,2930,2910,2930,2930,2940,2960,2960,2950,2950,2970,2980,2990,3010,3030,3030,3020,3040,3060,3060,3070,3080,3100,3100,3100,3110,3100,3110,3130,3140,3130,3120,3130,3140,3150,3150,3170,3160,3170,3160
546,2610,2610,2640,2660,2730,2790,2840,2860,2900,2970,3050,3090,3090,3080,3070,3050,3030,3010,3010,3010,3010,3010,3000,2980,2980,2960,2960,2950,2960,2980,2960,2950,2930,2910,2910,2910,2920,2900,2910,2900,2940,2930,2940,2920,2910,2920,2940,2930,2930,2940,2940,2920,2930,2930,2920,2910,2920,2900,2920,2930,2920,2930,2910,2930,2930,2940,2960,2960,2950,2950,2970,2980,2990,3010,3030,3030,3020,3040,3060,3060,3070,3080,3100,3100,3100,3110,3100,3110,3130,3140,3130,3120,3130,3140,3150,3150,3170,3160,3170,3160,3160
547,2610,2640,2660,2730,2790,2840,2860,2900,2970,3050,3090,3090,3080,3070,3050,3030,3010,3010,3010,3010,3010,3000,2980,2980,2960,2960,2950,2960,2980,2960,2950,2930,2910,2910,2910,2920,2900,2910,2900,2940,2930,2940,2920,2910,2920,2940,2930,2930,2940,2940,2920,2930,2930,2920,2910,2920,2900,2920,2930,2920,2930,2910,2930,2930,2940,2960,2960,2950,2950,2970,2980,2990,3010,3030,3030,3020,3040,3060,3060,3070,3080,3100,3100,3100,3110,3100,3110,3130,3140,3130,3120,3130,3140,3150,3150,3170,3160,3170,3160,3160,3160
548,2640,2660,2730,2790,2840,2860,2900,2970,3050,3090,3090,3080,3070,3050,3030,3010,3010,3010,3010,3010,3000,2980,2980,2960,2960,2950,2960,2980,2960,2950,2930,2910,2910,2910,2920,2900,2910,2900,2940,2930,2940,2920,2910,2920,2940,2930,2930,2940,2940,2920,2930,2930,2920,2910,2920,2900,2920,2930,2920,2930,2910,2930,2930,2940,2960,2960,2950,2950,2970,2980,2990,3010,3030,3030,3020,3040,3060,3060,3070,3080,3100,3100,3100,3110,3100,3110,3130,3140,3130,3120,3130,3140,3150,3150,3170,3160,3170,3160,3160,3160,3160
549,2660,2730,2790,2840,2860,2900,2970,3050,3090,3090,3080,3070,3050,3030,3010,3010,3010,3010,3010,3000,2980,2980,2960,2960,2950,2960,2980,2960,2950,2930,2910,2910,2910,2920,2900,2910,2900,2940,2930,2940,2920,2910,2920,2940,2930,2930,2940,2940,2920,2930,2930,2920,2910,2920,2900,2920,2930,2920,2930,2910,2930,2930,2940,2960,2960,2950,2950,2970,2980,2990,3010,3030,3030,3020,3040,3060,3060,3070,3080,3100,3100,3100,3110,3100,3110,3130,3140,3130,3120,3130,3140,3150,3150,3170,3160,3170,3160,3160,3160,3160,3150
550,2730,2790,2840,2860,2900,2970,3050,3090,3090,3080,3070,3050,3030,3010,3010,3010,3010,3010,3000,2980,2980,2960,2960,2950,2960,2980,2960,2950,2930,2910,2910,2910,2920,2900,2910,2900,2940,2930,2940,2920,2910,2920,2940,2930,2930,2940,2940,2920,2930,2930,2920,2910,2920,2900,2920,2930,2920,2930,2910,2930,2930,2940,2960,2960,2950,2950,2970,2980,2990,3010,3030,3030,3020,3040,3060,3060,3070,3080,3100,3100,3100,3110,3100,3110,3130,3140,3130,3120,3130,3140,3150,3150,3170,3160,3170,3160,3160,3160,3160,3150,3160
551,2790,2840,2860,2900,2970,3050,3090,3090,3080,3070,3050,3030,3010,3010,3010,3010,3010,3000,2980,2980,2960,2960,2950,2960,2980,2960,2950,2930,2910,2910,2910,2920,2900,2910,2900,2940,2930,2940,2920,2910,2920,2940,2930,2930,2940,2940,2920,2930,2930,2920,2910,2920,2900,2920,2930,2920,2930,2910,2930,2930,2940,2960,2960,2950,2950,2970,2980,2990,3010,3030,3030,3020,3040,3060,3060,3070,3080,3100,3100,3100,3110,3100,3110,3130,3140,3130,3120,3130,3140,3150,3150,3170,3160,3170,3160,3160,3160,3160,3150,3160,3160
552,2840,2860,2900,2970,3050,3090,3090,3080,3070,3050,3030,3010,3010,3010,3010,3010,3000,2980,2980,2960,2960,2950,2960,2980,2960,2950,2930,2910,2910,2910,2920,2900,2910,2900,2940,2930,2940,2920,2910,2920,2940,2930,2930,2940,2940,2920,2930,2930,2920,2910,2920,2900,2920,2930,2920,2930,2910,2930,2930,2940,2960,2960,2950,2950,2970,2980,2990,3010,3030,3030,3020,3040,3060,3060,3070,3080,3100,3100,3100,3110,3100,3110,3130,3140,3130,3120,3130,3140,3150,3150,3170,3160,3170,3160,3160,3160,3160,3150,3160,3160,3170
553,2860,2900,2970,3050,3090,3090,3080,3070,3050,3030,3010,3010,3010,3010,3010,3000,2980,2980,2960,2960,2950,2960,2980,2960,2950,2930,2910,2910,2910,2920,2900,2910,2900,2940,2930,2940,2920,2910,2920,2940,2930,2930,2940,2940,2920,2930,2930,2920,2910,2920,2900,2920,2930,2920,2930,2910,2930,2930,2940,2960,2960,2950,2950,2970,2980,2990,3010,3030,3030,3020,3040,3060,3060,3070,3080,3100,3100,3100,3110,3100,3110,3130,3140,3130,3120,3130,3140,3150,3150,3170,3160,3170,3160,3160,3160,3160,3150,3160,3160,3170,3170
554,2900,2970,3050,3090,3090,3080,3070,3050,3030,3010,3010,3010,3010,3010,3000,2980,2980,2960,2960,2950,2960,2980,2960,2950,2930,2910,2910,2910,2920,2900,2910,2900,2940,2930,2940,2920,2910,2920,2940,2930,2930,2940,2940,2920,2930,2930,2920,2910,2920,2900,2920,2930,2920,2930,2910,2930,2930,2940,2960,2960,2950,2950,2970,2980,2990,3010,3030,3030,3020,3040,3060,3060,3070,3080,3100,3100,3100,3110,3100,3110,3130,3140,3130,3120,3130,3140,3150,3150,3170,3160,3170,3160,3160,3160,3160,3150,3160,3160,3170,3170,3170
555,2970,3050,3090,3090,3080,3070,3050,3030,3010,3010,3010,3010,3010,3000,2980,2980,2960,2960,2950,2960,2980,2960,2950,2930,2910,2910,2910,2920,2900,2910,2900,2940,2930,2940,2920,2910,2920,2940,2930,2930,2940,2940,2920,2930,2930,2920,2910,2920,2900,2920,2930,2920,2930,2910,2930,2930,2940,2960,2960,2950,2950,2970,2980,2990,3010,3030,3030,3020,3040,3060,3060,3070,3080,3100,3100,3100,3110,3100,3110,3130,3140,3130,3120,3130,3140,3150,3150,3170,3160,3170,3160,3160,3160,3160,3150,3160,3160,3170,3170,3170,3180
556,3050,3090,3090,3080,3070,3050,3030,3010,3010,3010,3010,3010,3000,2980,2980,2960,2960,2950,2960,2980,2960,2950,2930,2910,2910,2910,2920,2900,2910,2900,2940,2930,2940,2920,2910,2920,2940,2930,2930,2940,2940,2920,2930,2930,2920,2910,2920,2900,2920,2930,2920,2930,2910,2930,2930,2940,2960,2960,2950,2950,2970,2980,2990,3010,3030,3030,3020,3040,3060,3060,3070,3080,3100,3100,3100,3110,3100,3110,3130,3140,3130,3120,3130,3140,3150,3150,3170,3160,3170,3160,3160,3160,3160,3150,3160,3160,3170,3170,3170,3180,3180
557,3090,3090,3080,3070,3050,3030,3010,3010,3010,3010,3010,3000,2980,2980,2960,2960,2950,2960,2980,2960,2950,2930,2910,2910,2910,2920,2900,2910,2900,2940,2930,2940,2920,2910,2920,2940,2930,2930,2940,2940,2920,2930,2930,2920,2910,2920,2900,2920,2930,2920,2930,2910,2930,2930,2940,2960,2960,2950,2950,2970,2980,2990,3010,3030,3030,3020,3040,3060,3060,3070,3080,3100,3100,3100,3110,3100,3110,3130,3140,3130,3120,3130,3140,3150,3150,3170,3160,3170,3160,3160,3160,3160,3150,3160,3160,3170,3170,3170,3180,3180,3170
558,3090,3080,3070,3050,3030,3010,3010,3010,3010,3010,3000,2980,2980,2960,2960,2950,2960,2980,2960,2950,2930,2910,2910,2910,2920,2900,2910,2900,2940,2930,2940,2920,2910,2920,2940,2930,2930,2940,2940,2920,2930,2930,2920,2910,2920,2900,2920,2930,2920,2930,2910,2930,2930,2940,2960,2960,2950,2950,2970,2980,2990,3010,3030,3030,3020,3040,3060,3060,3070,3080,3100,3100,3100,3110,3100,3110,3130,3140,3130,3120,3130,3140,3150,3150,3170,3160,3170,3160,3160,3160,3160,3150,3160,3160,3170,3170,3170,3180,3180,3170,3170
559,3080,3070,3050,3030,3010,3010,3010,3010,3010,3000,2980,2980,2960,2960,2950,2960,2980,2960,2950,2930,2910,2910,2910,2920,2900,2910,2900,2940,2930,2940,2920,2910,2920,2940,2930,2930,2940,2940,2920,2930,2930,2920,2910,2920,2900,2920,2930,2920,2930,2910,2930,2930,2940,2960,2960,2950,2950,2970,2980,2990,3010,3030,3030,3020,3040,3060,3060,3070,3080,3100,3100,3100,3110,3100,3110,3130,3140,3130,3120,3130,3140,3150,3150,3170,3160,3170,3160,3160,3160,3160,3150,3160,3160,3170,3170,3170,3180,3180,3170,3170,3160
560,3070,3050,3030,3010,3010,3010,3010,3010,3000,2980,2980,2960,2960,2950,2960,2980,2960,2950,2930,2910,2910,2910,2920,2900,2910,2900,2940,2930,2940,2920,2910,2920,2940,2930,2930,2940,2940,2920,2930,2930,2920,2910,2920,2900,2920,2930,2920,2930,2910,2930,2930,2940,2960,2960,2950,2950,2970,2980,2990,3010,3030,3030,3020,3040,3060,3060,3070,3080,3100,3100,3100,3110,3100,3110,3130,3140,3130,3120,3130,3140,3150,3150,3170,3160,3170,3160,3160,3160,3160,3150,3160,3160,3170,3170,3170,3180,3180,3170,3170,3160,3170
561,3050,3030,3010,3010,3010,3010,3010,3000,2980,2980,2960,2960,2950,2960,2980,2960,2950,2930,2910,2910,2910,2920,2900,2910,2900,2940,2930,2940,2920,2910,2920,2940,2930,2930,2940,2940,2920,2930,2930,2920,2910,2920,2900,2920,2930,2920,2930,2910,2930,2930,2940,2960,2960,2950,2950,2970,2980,2990,3010,3030,3030,3020,3040,3060,3060,3070,3080,3100,3100,3100,3110,3100,3110,3130,3140,3130,3120,3130,3140,3150,3150,3170,3160,3170,3160,3160,3160,3160,3150,3160,3160,3170,3170,3170,3180,3180,3170,3170,3160,3170,3160
562,3030,3010,3010,3010,3010,3010,3000,2980,2980,2960,2960,2950,2960,2980,2960,2950,2930,2910,2910,2910,2920,2900,2910,2900,2940,2930,2940,2920,2910,2920,2940,2930,2930,2940,2940,2920,2930,2930,2920,2910,2920,2900,2920,2930,2920,2930,2910,2930,2930,2940,2960,2960,2950,2950,2970,2980,2990,3010,3030,3030,3020,3040,3060,3060,3070,3080,3100,3100,3100,3110,3100,3110,3130,3140,3130,3120,3130,3140,3150,3150,3170,3160,3170,3160,3160,3160,3160,3150,3160,3160,3170,3170,3170,3180,3180,3170,3170,3160,3170,3160,3150
563,3010,3010,3010,3010,3010,3000,2980,2980,2960,2960,2950,2960,2980,2960,2950,2930,2910,2910,2910,2920,2900,2910,2900,2940,2930,2940,2920,2910,2920,2940,2930,2930,2940,2940,2920,2930,2930,2920,2910,2920,2900,2920,2930,2920,2930,2910,2930,2930,2940,2960,2960,2950,2950,2970,2980,2990,3010,3030,3030,3020,3040,3060,3060,3070,3080,3100,3100,3100,3110,3100,3110,3130,3140,3130,3120,3130,3140,3150,3150,3170,3160,3170,3160,3160,3160,3160,3150,3160,3160,3170,3170,3170,3180,3180,3170,3170,3160,3170,3160,3150,3150
564,3010,3010,3010,3010,3000,2980,2980,2960,2960,2950,2960,2980,2960,2950,2930,2910,2910,2910,2920,2900,2910,2900,2940,2930,2940,2920,2910,2920,2940,2930,2930,2940,2940,2920,2930,2930,2920,2910,2920,2900,2920,2930,2920,2930,2910,2930,2930,2940,2960,2960,2950,2950,2970,2980,2990,3010,3030,3030,3020,3040,3060,3060,3070,3080,3100,3100,3100,3110,3100,3110,3130,3140,3130,3120,3130,3140,3150,3150,3170,3160,3170,3160,3160,3160,3160,3150,3160,3160,3170,3170,3170,3180,3180,3170,3170,3160,3170,3160,3150,3150,3160
565,3010,3010,3010,3000,2980,2980,2960,2960,2950,2960,2980,2960,2950,2930,2910,2910,2910,2920,2900,2910,2900,2940,2930,2940,2920,2910,2920,2940,2930,2930,2940,2940,2920,2930,2930,2920,2910,2920,2900,2920,2930,2920,2930,2910,2930,2930,2940,2960,2960,2950,2950,2970,2980,2990,3010,3030,3030,3020,3040,3060,3060,3070,3080,3100,3100,3100,3110,3100,3110,3130,3140,3130,3120,3130,3140,3150,3150,3170,3160,3170,3160,3160,3160,3160,3150,3160,3160,3170,3170,3170,3180,3180,3170,3170,3160,3170,3160,3150,3150,3160,3160
566,3010,3010,3000,2980,2980,2960,2960,2950,2960,2980,2960,2950,2930,2910,2910,2910,2920,2900,2910,2900,2940,2930,2940,2920,2910,2920,2940,2930,2930,2940,2940,2920,2930,2930,2920,2910,2920,2900,2920,2930,2920,2930,2910,2930,2930,2940,2960,2960,2950,2950,2970,2980,2990,3010,3030,3030,3020,3040,3060,3060,3070,3080,3100,3100,3100,3110,3100,3110,3130,3140,3130,3120,3130,3140,3150,3150,3170,3160,3170,3160,3160,3160,3160,3150,3160,3160,3170,3170,3170,3180,3180,3170,3170,3160,3170,3160,3150,3150,3160,3160,3180
567,3010,3000,2980,2980,2960,2960,2950,2960,2980,2960,2950,2930,2910,2910,2910,2920,2900,2910,2900,2940,2930,2940,2920,2910,2920,2940,2930,2930,2940,2940,2920,2930,2930,2920,2910,2920,2900,2920,2930,2920,2930,2910,2930,2930,2940,2960,2960,2950,2950,2970,2980,2990,3010,3030,3030,3020,3040,3060,3060,3070,3080,3100,3100,3100,3110,3100,3110,3130,3140,3130,3120,3130,3140,3150,3150,3170,3160,3170,3160,3160,3160,3160,3150,3160,3160,3170,3170,3170,3180,3180,3170,3170,3160,3170,3160,3150,3150,3160,3160,3180,3180
568,3000,2980,2980,2960,2960,2950,2960,2980,2960,2950,2930,2910,2910,2910,2920,2900,2910,2900,2940,2930,2940,2920,2910,2920,2940,2930,2930,2940,2940,2920,2930,2930,2920,2910,2920,2900,2920,2930,2920,2930,2910,2930,2930,2940,2960,2960,2950,2950,2970,2980,2990,3010,3030,3030,3020,3040,3060,3060,3070,3080,3100,3100,3100,3110,3100,3110,3130,3140,3130,3120,3130,3140,3150,3150,3170,3160,3170,3160,3160,3160,3160,3150,3160,3160,3170,3170,3170,3180,3180,3170,3170,3160,3170,3160,3150,3150,3160,3160,3180,3180,3170
569,2980,2980,2960,2960,2950,2960,2980,2960,2950,2930,2910,2910,2910,2920,2900,2910,2900,2940,2930,2940,2920,2910,2920,2940,2930,2930,2940,2940,2920,2930,2930,2920,2910,2920,2900,2920,2930,2920,2930,2910,2930,2930,2940,2960,2960,2950,2950,2970,2980,2990,3010,3030,3030,3020,3040,3060,3060,3070,3080,3100,3100,3100,3110,3100,3110,3130,3140,3130,3120,3130,3140,3150,3150,3170,3160,3170,3160,3160,3160,3160,3150,3160,3160,3170,3170,3170,3180,3180,3170,3170,3160,3170,3160,3150,3150,3160,3160,3180,3180,3170,3170
570,2980,2960,2960,2950,2960,2980,2960,2950,2930,2910,2910,2910,2920,2900,2910,2900,2940,2930,2940,2920,2910,2920,2940,2930,2930,2940,2940,2920,2930,2930,2920,2910,2920,2900,2920,2930,2920,2930,2910,2930,2930,2940,2960,2960,2950,2950,2970,2980,2990,3010,3030,3030,3020,3040,3060,3060,3070,3080,3100,3100,3100,3110,3100,3110,3130,3140,3130,3120,3130,3140,3150,3150,3170,3160,3170,3160,3160,3160,3160,3150,3160,3160,3170,3170,3170,3180,3180,3170,3170,3160,3170,3160,3150,3150,3160,3160,3180,3180,3170,3170,3170
571,2960,2960,2950,2960,2980,2960,2950,2930,2910,2910,2910,2920,2900,2910,2900,2940,2930,2940,2920,2910,2920,2940,2930,2930,2940,2940,2920,2930,2930,2920,2910,2920,2900,2920,2930,2920,2930,2910,2930,2930,2940,2960,2960,2950,2950,2970,2980,2990,3010,3030,3030,3020,3040,3060,3060,3070,3080,3100,3100,3100,3110,3100,3110,3130,3140,3130,3120,3130,3140,3150,3150,3170,3160,3170,3160,3160,3160,3160,3150,3160,3160,3170,3170,3170,3180,3180,3170,3170,3160,3170,3160,3150,3150,3160,3160,3180,3180,3170,3170,3170,3160
572,2960,2950,2960,2980,2960,2950,2930,2910,2910,2910,2920,2900,2910,2900,2940,2930,2940,2920,2910,2920,2940,2930,2930,2940,2940,2920,2930,2930,2920,2910,2920,2900,2920,2930,2920,2930,2910,2930,2930,2940,2960,2960,2950,2950,2970,2980,2990,3010,3030,3030,3020,3040,3060,3060,3070,3080,3100,3100,3100,3110,3100,3110,3130,3140,3130,3120,3130,3140,3150,3150,3170,3160,3170,3160,3160,3160,3160,3150,3160,3160,3170,3170,3170,3180,3180,3170,3170,3160,3170,3160,3150,3150,3160,3160,3180,3180,3170,3170,3170,3160,3160
573,2950,2960,2980,2960,2950,2930,2910,2910,2910,2920,2900,2910,2900,2940,2930,2940,2920,2910,2920,2940,2930,2930,2940,2940,2920,2930,2930,2920,2910,2920,2900,2920,2930,2920,2930,2910,2930,2930,2940,2960,2960,2950,2950,2970,2980,2990,3010,3030,3030,3020,3040,3060,3060,3070,3080,3100,3100,3100,3110,3100,3110,3130,3140,3130,3120,3130,3140,3150,3150,3170,3160,3170,3160,3160,3160,3160,3150,3160,3160,3170,3170,3170,3180,3180,3170,3170,3160,3170,3160,3150,3150,3160,3160,3180,3180,3170,3170,3170,3160,3160,3170
574,2960,2980,2960,2950,2930,2910,2910,2910,2920,2900,2910,2900,2940,2930,2940,2920,2910,2920,2940,2930,2930,2940,2940,2920,2930,2930,2920,2910,2920,2900,2920,2930,2920,2930,2910,2930,2930,2940,2960,2960,2950,2950,2970,2980,2990,3010,3030,3030,3020,3040,3060,3060,3070,3080,3100,3100,3100,3110,3100,3110,3130,3140,3130,3120,3130,3140,3150,3150,3170,3160,3170,3160,3160,3160,3160,3150,3160,3160,3170,3170,3170,3180,3180,3170,3170,3160,3170,3160,3150,3150,3160,3160,3180,3180,3170,3170,3170,3160,3160,3170,3170
575,2980,2960,2950,2930,2910,2910,2910,2920,2900,2910,2900,2940,2930,2940,2920,2910,2920,2940,2930,2930,2940,2940,2920,2930,2930,2920,2910,2920,2900,2920,2930,2920,2930,2910,2930,2930,2940,2960,2960,2950,2950,2970,2980,2990,3010,3030,3030,3020,3040,3060,3060,3070,3080,3100,3100,3100,3110,3100,3110,3130,3140,3130,3120,3130,3140,3150,3150,3170,3160,3170,3160,3160,3160,3160,3150,3160,3160,3170,3170,3170,3180,3180,3170,3170,3160,3170,3160,3150,3150,3160,3160,3180,3180,3170,3170,3170,3160,3160,3170,3170,3170
576,2960,2950,2930,2910,2910,2910,2920,2900,2910,2900,2940,2930,2940,2920,2910,2920,2940,2930,2930,2940,2940,2920,2930,2930,2920,2910,2920,2900,2920,2930,2920,2930,2910,2930,2930,2940,2960,2960,2950,2950,2970,2980,2990,3010,3030,3030,3020,3040,3060,3060,3070,3080,3100,3100,3100,3110,3100,3110,3130,3140,3130,3120,3130,3140,3150,3150,3170,3160,3170,3160,3160,3160,3160,3150,3160,3160,3170,3170,3170,3180,3180,3170,3170,3160,3170,3160,3150,3150,3160,3160,3180,3180,3170,3170,3170,3160,3160,3170,3170,3170,3180
577,2950,2930,2910,2910,2910,2920,2900,2910,2900,2940,2930,2940,2920,2910,2920,2940,2930,2930,2940,2940,2920,2930,2930,2920,2910,2920,2900,2920,2930,2920,2930,2910,2930,2930,2940,2960,2960,2950,2950,2970,2980,2990,3010,3030,3030,3020,3040,3060,3060,3070,3080,3100,3100,3100,3110,3100,3110,3130,3140,3130,3120,3130,3140,3150,3150,3170,3160,3170,3160,3160,3160,3160,3150,3160,3160,3170,3170,3170,3180,3180,3170,3170,3160,3170,3160,3150,3150,3160,3160,3180,3180,3170,3170,3170,3160,3160,3170,3170,3170,3180,3180
578,2930,2910,2910,2910,2920,2900,2910,2900,2940,2930,2940,2920,2910,2920,2940,2930,2930,2940,2940,2920,2930,2930,2920,2910,2920,2900,2920,2930,2920,2930,2910,2930,2930,2940,2960,2960,2950,2950,2970,2980,2990,3010,3030,3030,3020,3040,3060,3060,3070,3080,3100,3100,3100,3110,3100,3110,3130,3140,3130,3120,3130,3140,3150,3150,3170,3160,3170,3160,3160,3160,3160,3150,3160,3160,3170,3170,3170,3180,3180,3170,3170,3160,3170,3160,3150,3150,3160,3160,3180,3180,3170,3170,3170,3160,3160,3170,3170,3170,3180,3180,3180
579,2910,2910,2910,2920,2900,2910,2900,2940,2930,2940,2920,2910,2920,2940,2930,2930,2940,2940,2920,2930,2930,2920,2910,2920,2900,2920,2930,2920,2930,2910,2930,2930,2940,2960,2960,2950,2950,2970,2980,2990,3010,3030,3030,3020,3040,3060,3060,3070,3080,3100,3100,3100,3110,3100,3110,3130,3140,3130,3120,3130,3140,3150,3150,3170,3160,3170,3160,3160,3160,3160,3150,3160,3160,3170,3170,3170,3180,3180,3170,3170,3160,3170,3160,3150,3150,3160,3160,3180,3180,3170,3170,3170,3160,3160,3170,3170,3170,3180,3180,3180,3160
580,2910,2910,2920,2900,2910,2900,2940,2930,2940,2920,2910,2920,2940,2930,2930,2940,2940,2920,2930,2930,2920,2910,2920,2900,2920,2930,2920,2930,2910,2930,2930,2940,2960,2960,2950,2950,2970,2980,2990,3010,3030,3030,3020,3040,3060,3060,3070,3080,3100,3100,3100,3110,3100,3110,3130,3140,3130,3120,3130,3140,3150,3150,3170,3160,3170,3160,3160,3160,3160,3150,3160,3160,3170,3170,3170,3180,3180,3170,3170,3160,3170,3160,3150,3150,3160,3160,3180,3180,3170,3170,3170,3160,3160,3170,3170,3170,3180,3180,3180,3160,3150
581,2910,2920,2900,2910,2900,2940,2930,2940,2920,2910,2920,2940,2930,2930,2940,2940,2920,2930,2930,2920,2910,2920,2900,2920,2930,2920,2930,2910,2930,2930,2940,2960,2960,2950,2950,2970,2980,2990,3010,3030,3030,3020,3040,3060,3060,3070,3080,3100,3100,3100,3110,3100,3110,3130,3140,3130,3120,3130,3140,3150,3150,3170,3160,3170,3160,3160,3160,3160,3150,3160,3160,3170,3170,3170,3180,3180,3170,3170,3160,3170,3160,3150,3150,3160,3160,3180,3180,3170,3170,3170,3160,3160,3170,3170,3170,3180,3180,3180,3160,3150,3130
582,2920,2900,2910,2900,2940,2930,2940,2920,2910,2920,2940,2930,2930,2940,2940,2920,2930,2930,2920,2910,2920,2900,2920,2930,2920,2930,2910,2930,2930,2940,2960,2960,2950,2950,2970,2980,2990,3010,3030,3030,3020,3040,3060,3060,3070,3080,3100,3100,3100,3110,3100,3110,3130,3140,3130,3120,3130,3140,3150,3150,3170,3160,3170,3160,3160,3160,3160,3150,3160,3160,3170,3170,3170,3180,3180,3170,3170,3160,3170,3160,3150,3150,3160,3160,3180,3180,3170,3170,3170,3160,3160,3170,3170,3170,3180,3180,3180,3160,3150,3130,3150
583,2900,2910,2900,2940,2930,2940,2920,2910,2920,2940,2930,2930,2940,2940,2920,2930,2930,2920,2910,2920,2900,2920,2930,2920,2930,2910,2930,2930,2940,2960,2960,2950,2950,2970,2980,2990,3010,3030,3030,3020,3040,3060,3060,3070,3080,3100,3100,3100,3110,3100,3110,3130,3140,3130,3120,3130,3140,3150,3150,3170,3160,3170,3160,3160,3160,3160,3150,3160,3160,3170,3170,3170,3180,3180,3170,3170,3160,3170,3160,3150,3150,3160,3160,3180,3180,3170,3170,3170,3160,3160,3170,3170,3170,3180,3180,3180,3160,3150,3130,3150,3150
584,2910,2900,2940,2930,2940,2920,2910,2920,2940,2930,2930,2940,2940,2920,2930,2930,2920,2910,2920,2900,2920,2930,2920,2930,2910,2930,2930,2940,2960,2960,2950,2950,2970,2980,2990,3010,3030,3030,3020,3040,3060,3060,3070,3080,3100,3100,3100,3110,3100,3110,3130,3140,3130,3120,3130,3140,3150,3150,3170,3160,3170,3160,3160,3160,3160,3150,3160,3160,3170,3170,3170,3180,3180,3170,3170,3160,3170,3160,3150,3150,3160,3160,3180,3180,3170,3170,3170,3160,3160,3170,3170,3170,3180,3180,3180,3160,3150,3130,3150,3150,3150
585,2900,2940,2930,2940,2920,2910,2920,2940,2930,2930,2940,2940,2920,2930,2930,2920,2910,2920,2900,2920,2930,2920,2930,2910,2930,2930,2940,2960,2960,2950,2950,2970,2980,2990,3010,3030,3030,3020,3040,3060,3060,3070,3080,3100,3100,3100,3110,3100,3110,3130,3140,3130,3120,3130,3140,3150,3150,3170,3160,3170,3160,3160,3160,3160,3150,3160,3160,3170,3170,3170,3180,3180,3170,3170,3160,3170,3160,3150,3150,3160,3160,3180,3180,3170,3170,3170,3160,3160,3170,3170,3170,3180,3180,3180,3160,3150,3130,3150,3150,3150,3150
586,2940,2930,2940,2920,2910,2920,2940,2930,2930,2940,2940,2920,2930,2930,2920,2910,2920,2900,2920,2930,2920,2930,2910,2930,2930,2940,2960,2960,2950,2950,2970,2980,2990,3010,3030,3030,3020,3040,3060,3060,3070,3080,3100,3100,3100,3110,3100,3110,3130,3140,3130,3120,3130,3140,3150,3150,3170,3160,3170,3160,3160,3160,3160,3150,3160,3160,3170,3170,3170,3180,3180,3170,3170,3160,3170,3160,3150,3150,3160,3160,3180,3180,3170,3170,3170,3160,3160,3170,3170,3170,3180,3180,3180,3160,3150,3130,3150,3150,3150,3150,3150
587,2930,2940,2920,2910,2920,2940,2930,2930,2940,2940,2920,2930,2930,2920,2910,2920,2900,2920,2930,2920,2930,2910,2930,2930,2940,2960,2960,2950,2950,2970,2980,2990,3010,3030,3030,3020,3040,3060,3060,3070,3080,3100,3100,3100,3110,3100,3110,3130,3140,3130,3120,3130,3140,3150,3150,3170,3160,3170,3160,3160,3160,3160,3150,3160,3160,3170,3170,3170,3180,3180,3170,3170,3160,3170,3160,3150,3150,3160,3160,3180,3180,3170,3170,3170,3160,3160,3170,3170,3170,3180,3180,3180,3160,3150,3130,3150,3150,3150,3150,3150,3160
588,2940,2920,2910,2920,2940,2930,2930,2940,2940,2920,2930,2930,2920,2910,2920,2900,2920,2930,2920,2930,2910,2930,2930,2940,2960,2960,2950,2950,2970,2980,2990,3010,3030,3030,3020,3040,3060,3060,3070,3080,3100,3100,3100,3110,3100,3110,3130,3140,3130,3120,3130,3140,3150,3150,3170,3160,3170,3160,3160,3160,3160,3150,3160,3160,3170,3170,3170,3180,3180,3170,3170,3160,3170,3160,3150,3150,3160,3160,3180,3180,3170,3170,3170,3160,3160,3170,3170,3170,3180,3180,3180,3160,3150,3130,3150,3150,3150,3150,3150,3160,3170
589,2920,2910,2920,2940,2930,2930,2940,2940,2920,2930,2930,2920,2910,2920,2900,2920,2930,2920,2930,2910,2930,2930,2940,2960,2960,2950,2950,2970,2980,2990,3010,3030,3030,3020,3040,3060,3060,3070,3080,3100,3100,3100,3110,3100,3110,3130,3140,3130,3120,3130,3140,3150,3150,3170,3160,3170,3160,3160,3160,3160,3150,3160,3160,3170,3170,3170,3180,3180,3170,3170,3160,3170,3160,3150,3150,3160,3160,3180,3180,3170,3170,3170,3160,3160,3170,3170,3170,3180,3180,3180,3160,3150,3130,3150,3150,3150,3150,3150,3160,3170,3170
590,2910,2920,2940,2930,2930,2940,2940,2920,2930,2930,2920,2910,2920,2900,2920,2930,2920,2930,2910,2930,2930,2940,2960,2960,2950,2950,2970,2980,2990,3010,3030,3030,3020,3040,3060,3060,3070,3080,3100,3100,3100,3110,3100,3110,3130,3140,3130,3120,3130,3140,3150,3150,3170,3160,3170,3160,3160,3160,3160,3150,3160,3160,3170,3170,3170,3180,3180,3170,3170,3160,3170,3160,3150,3150,3160,3160,3180,3180,3170,3170,3170,3160,3160,3170,3170,3170,3180,3180,3180,3160,3150,3130,3150,3150,3150,3150,3150,3160,3170,3170,3170
591,2920,2940,2930,2930,2940,2940,2920,2930,2930,2920,2910,2920,2900,2920,2930,2920,2930,2910,2930,2930,2940,2960,2960,2950,2950,2970,2980,2990,3010,3030,3030,3020,3040,3060,3060,3070,3080,3100,3100,3100,3110,3100,3110,3130,3140,3130,3120,3130,3140,3150,3150,3170,3160,3170,3160,3160,3160,3160,3150,3160,3160,3170,3170,3170,3180,3180,3170,3170,3160,3170,3160,3150,3150,3160,3160,3180,3180,3170,3170,3170,3160,3160,3170,3170,3170,3180,3180,3180,3160,3150,3130,3150,3150,3150,3150,3150,3160,3170,3170,3170,3160
592,2940,2930,2930,2940,2940,2920,2930,2930,2920,2910,2920,2900,2920,2930,2920,2930,2910,2930,2930,2940,2960,2960,2950,2950,2970,2980,2990,3010,3030,3030,3020,3040,3060,3060,3070,3080,3100,3100,3100,3110,3100,3110,3130,3140,3130,3120,3130,3140,3150,3150,3170,3160,3170,3160,3160,3160,3160,3150,3160,3160,3170,3170,3170,3180,3180,3170,3170,3160,3170,3160,3150,3150,3160,3160,3180,3180,3170,3170,3170,3160,3160,3170,3170,3170,3180,3180,3180,3160,3150,3130,3150,3150,3150,3150,3150,3160,3170,3170,3170,3160,3150
593,2930,2930,2940,2940,2920,2930,2930,2920,2910,2920,2900,2920,2930,2920,2930,2910,2930,2930,2940,2960,2960,2950,2950,2970,2980,2990,3010,3030,3030,3020,3040,3060,3060,3070,3080,3100,3100,3100,3110,3100,3110,3130,3140,3130,3120,3130,3140,3150,3150,3170,3160,3170,3160,3160,3160,3160,3150,3160,3160,3170,3170,3170,3180,3180,3170,3170,3160,3170,3160,3150,3150,3160,3160,3180,3180,3170,3170,3170,3160,3160,3170,3170,3170,3180,3180,3180,3160,3150,3130,3150,3150,3150,3150,3150,3160,3170,3170,3170,3160,3150,3150
594,2930,2940,2940,2920,2930,2930,2920,2910,2920,2900,2920,2930,2920,2930,2910,2930,2930,2940,2960,2960,2950,2950,2970,2980,2990,3010,3030,3030,3020,3040,3060,3060,3070,3080,3100,3100,3100,3110,3100,3110,3130,3140,3130,3120,3130,3140,3150,3150,3170,3160,3170,3160,3160,3160,3160,3150,3160,3160,3170,3170,3170,3180,3180,3170,3170,3160,3170,3160,3150,3150,3160,3160,3180,3180,3170,3170,3170,3160,3160,3170,3170,3170,3180,3180,3180,3160,3150,3130,3150,3150,3150,3150,3150,3160,3170,3170,3170,3160,3150,3150,3160
595,2940,2940,2920,2930,2930,2920,2910,2920,2900,2920,2930,2920,2930,2910,2930,2930,2940,2960,2960,2950,2950,2970,2980,2990,3010,3030,3030,3020,3040,3060,3060,3070,3080,3100,3100,3100,3110,3100,3110,3130,3140,3130,3120,3130,3140,3150,3150,3170,3160,3170,3160,3160,3160,3160,3150,3160,3160,3170,3170,3170,3180,3180,3170,3170,3160,3170,3160,3150,3150,3160,3160,3180,3180,3170,3170,3170,3160,3160,3170,3170,3170,3180,3180,3180,3160,3150,3130,3150,3150,3150,3150,3150,3160,3170,3170,3170,3160,3150,3150,3160,3160
596,2940,2920,2930,2930,2920,2910,2920,2900,2920,2930,2920,2930,2910,2930,2930,2940,2960,2960,2950,2950,2970,2980,2990,3010,3030,3030,3020,3040,3060,3060,3070,3080,3100,3100,3100,3110,3100,3110,3130,3140,3130,3120,3130,3140,3150,3150,3170,3160,3170,3160,3160,3160,3160,3150,3160,3160,3170,3170,3170,3180,3180,3170,3170,3160,3170,3160,3150,3150,3160,3160,3180,3180,3170,3170,3170,3160,3160,3170,3170,3170,3180,3180,3180,3160,3150,3130,3150,3150,3150,3150,3150,3160,3170,3170,3170,3160,3150,3150,3160,3160,3190
597,2920,2930,2930,2920,2910,2920,2900,2920,2930,2920,2930,2910,2930,2930,2940,2960,2960,2950,2950,2970,2980,2990,3010,3030,3030,3020,3040,3060,3060,3070,3080,3100,3100,3100,3110,3100,3110,3130,3140,3130,3120,3130,3140,3150,3150,3170,3160,3170,3160,3160,3160,3160,3150,3160,3160,3170,3170,3170,3180,3180,3170,3170,3160,3170,3160,3150,3150,3160,3160,3180,3180,3170,3170,3170,3160,3160,3170,3170,3170,3180,3180,3180,3160,3150,3130,3150,3150,3150,3150,3150,3160,3170,3170,3170,3160,3150,3150,3160,3160,3190,3170
598,2930,2930,2920,2910,2920,2900,2920,2930,2920,2930,2910,2930,2930,2940,2960,2960,2950,2950,2970,2980,2990,3010,3030,3030,3020,3040,3060,3060,3070,3080,3100,3100,3100,3110,3100,3110,3130,3140,3130,3120,3130,3140,3150,3150,3170,3160,3170,3160,3160,3160,3160,3150,3160,3160,3170,3170,3170,3180,3180,3170,3170,3160,3170,3160,3150,3150,3160,3160,3180,3180,3170,3170,3170,3160,3160,3170,3170,3170,3180,3180,3180,3160,3150,3130,3150,3150,3150,3150,3150,3160,3170,3170,3170,3160,3150,3150,3160,3160,3190,3170,3170
599,2930,2920,2910,2920,2900,2920,2930,2920,2930,2910,2930,2930,2940,2960,2960,2950,2950,2970,2980,2990,3010,3030,3030,3020,3040,3060,3060,3070,3080,3100,3100,3100,3110,3100,3110,3130,3140,3130,3120,3130,3140,3150,3150,3170,3160,3170,3160,3160,3160,3160,3150,3160,3160,3170,3170,3170,3180,3180,3170,3170,3160,3170,3160,3150,3150,3160,3160,3180,3180,3170,3170,3170,3160,3160,3170,3170,3170,3180,3180,3180,3160,3150,3130,3150,3150,3150,3150,3150,3160,3170,3170,3170,3160,3150,3150,3160,3160,3190,3170,3170,3160
600,2920,2910,2920,2900,2920,2930,2920,2930,2910,2930,2930,2940,2960,2960,2950,2950,2970,2980,2990,3010,3030,3030,3020,3040,3060,3060,3070,3080,3100,3100,3100,3110,3100,3110,3130,3140,3130,3120,3130,3140,3150,3150,3170,3160,3170,3160,3160,3160,3160,3150,3160,3160,3170,3170,3170,3180,3180,3170,3170,3160,3170,3160,3150,3150,3160,3160,3180,3180,3170,3170,3170,3160,3160,3170,3170,3170,3180,3180,3180,3160,3150,3130,3150,3150,3150,3150,3150,3160,3170,3170,3170,3160,3150,3150,3160,3160,3190,3170,3170,3160,3160
601,2910,2920,2900,2920,2930,2920,2930,2910,2930,2930,2940,2960,2960,2950,2950,2970,2980,2990,3010,3030,3030,3020,3040,3060,3060,3070,3080,3100,3100,3100,3110,3100,3110,3130,3140,3130,3120,3130,3140,3150,3150,3170,3160,3170,3160,3160,3160,3160,3150,3160,3160,3170,3170,3170,3180,3180,3170,3170,3160,3170,3160,3150,3150,3160,3160,3180,3180,3170,3170,3170,3160,3160,3170,3170,3170,3180,3180,3180,3160,3150,3130,3150,3150,3150,3150,3150,3160,3170,3170,3170,3160,3150,3150,3160,3160,3190,3170,3170,3160,3160,3150
602,2920,2900,2920,2930,2920,2930,2910,2930,2930,2940,2960,2960,2950,2950,2970,2980,2990,3010,3030,3030,3020,3040,3060,3060,3070,3080,3100,3100,3100,3110,3100,3110,3130,3140,3130,3120,3130,3140,3150,3150,3170,3160,3170,3160,3160,3160,3160,3150,3160,3160,3170,3170,3170,3180,3180,3170,3170,3160,3170,3160,3150,3150,3160,3160,3180,3180,3170,3170,3170,3160,3160,3170,3170,3170,3180,3180,3180,3160,3150,3130,3150,3150,3150,3150,3150,3160,3170,3170,3170,3160,3150,3150,3160,3160,3190,3170,3170,3160,3160,3150,3150
603,2900,2920,2930,2920,2930,2910,2930,2930,2940,2960,2960,2950,2950,2970,2980,2990,3010,3030,3030,3020,3040,3060,3060,3070,3080,3100,3100,3100,3110,3100,3110,3130,3140,3130,3120,3130,3140,3150,3150,3170,3160,3170,3160,3160,3160,3160,3150,3160,3160,3170,3170,3170,3180,3180,3170,3170,3160,3170,3160,3150,3150,3160,3160,3180,3180,3170,3170,3170,3160,3160,3170,3170,3170,3180,3180,3180,3160,3150,3130,3150,3150,3150,3150,3150,3160,3170,3170,3170,3160,3150,3150,3160,3160,3190,3170,3170,3160,3160,3150,3150,3140
604,2920,2930,2920,2930,2910,2930,2930,2940,2960,2960,2950,2950,2970,2980,2990,3010,3030,3030,3020,3040,3060,3060,3070,3080,3100,3100,3100,3110,3100,3110,3130,3140,3130,3120,3130,3140,3150,3150,3170,3160,3170,3160,3160,3160,3160,3150,3160,3160,3170,3170,3170,3180,3180,3170,3170,3160,3170,3160,3150,3150,3160,3160,3180,3180,3170,3170,3170,3160,3160,3170,3170,3170,3180,3180,3180,3160,3150,3130,3150,3150,3150,3150,3150,3160,3170,3170,3170,3160,3150,3150,3160,3160,3190,3170,3170,3160,3160,3150,3150,3140,3150
605,2930,2920,2930,2910,2930,2930,2940,2960,2960,2950,2950,2970,2980,2990,3010,3030,3030,3020,3040,3060,3060,3070,3080,3100,3100,3100,3110,3100,3110,3130,3140,3130,3120,3130,3140,3150,3150,3170,3160,3170,3160,3160,3160,3160,3150,3160,3160,3170,3170,3170,3180,3180,3170,3170,3160,3170,3160,3150,3150,3160,3160,3180,3180,3170,3170,3170,3160,3160,3170,3170,3170,3180,3180,3180,3160,3150,3130,3150,3150,3150,3150,3150,3160,3170,3170,3170,3160,3150,3150,3160,3160,3190,3170,3170,3160,3160,3150,3150,3140,3150,3160
606,2920,2930,2910,2930,2930,2940,2960,2960,2950,2950,2970,2980,2990,3010,3030,3030,3020,3040,3060,3060,3070,3080,3100,3100,3100,3110,3100,3110,3130,3140,3130,3120,3130,3140,3150,3150,3170,3160,3170,3160,3160,3160,3160,3150,3160,3160,3170,3170,3170,3180,3180,3170,3170,3160,3170,3160,3150,3150,3160,3160,3180,3180,3170,3170,3170,3160,3160,3170,3170,3170,3180,3180,3180,3160,3150,3130,3150,3150,3150,3150,3150,3160,3170,3170,3170,3160,3150,3150,3160,3160,3190,3170,3170,3160,3160,3150,3150,3140,3150,3160,3170
607,2930,2910,2930,2930,2940,2960,2960,2950,2950,2970,2980,2990,3010,3030,3030,3020,3040,3060,3060,3070,3080,3100,3100,3100,3110,3100,3110,3130,3140,3130,3120,3130,3140,3150,3150,3170,3160,3170,3160,3160,3160,3160,3150,3160,3160,3170,3170,3170,3180,3180,3170,3170,3160,3170,3160,3150,3150,3160,3160,3180,3180,3170,3170,3170,3160,3160,3170,3170,3170,3180,3180,3180,3160,3150,3130,3150,3150,3150,3150,3150,3160,3170,3170,3170,3160,3150,3150,3160,3160,3190,3170,3170,3160,3160,3150,3150,3140,3150,3160,3170,3160
608,2910,2930,2930,2940,2960,2960,2950,2950,2970,2980,2990,3010,3030,3030,3020,3040,3060,3060,3070,3080,3100,3100,3100,3110,3100,3110,3130,3140,3130,3120,3130,3140,3150,3150,3170,3160,3170,3160,3160,3160,3160,3150,3160,3160,3170,3170,3170,3180,3180,3170,3170,3160,3170,3160,3150,3150,3160,3160,3180,3180,3170,3170,3170,3160,3160,3170,3170,3170,3180,3180,3180,3160,3150,3130,3150,3150,3150,3150,3150,3160,3170,3170,3170,3160,3150,3150,3160,3160,3190,3170,3170,3160,3160,3150,3150,3140,3150,3160,3170,3160,3160
609,2930,2930,2940,2960,2960,2950,2950,2970,2980,2990,3010,3030,3030,3020,3040,3060,3060,3070,3080,3100,3100,3100,3110,3100,3110,3130,3140,3130,3120,3130,3140,3150,3150,3170,3160,3170,3160,3160,3160,3160,3150,3160,3160,3170,3170,3170,3180,3180,3170,3170,3160,3170,3160,3150,3150,3160,3160,3180,3180,3170,3170,3170,3160,3160,3170,3170,3170,3180,3180,3180,3160,3150,3130,3150,3150,3150,3150,3150,3160,3170,3170,3170,3160,3150,3150,3160,3160,3190,3170,3170,3160,3160,3150,3150,3140,3150,3160,3170,3160,3160,3160
610,2930,2940,2960,2960,2950,2950,2970,2980,2990,3010,3030,3030,3020,3040,3060,3060,3070,3080,3100,3100,3100,3110,3100,3110,3130,3140,3130,3120,3130,3140,3150,3150,3170,3160,3170,3160,3160,3160,3160,3150,3160,3160,3170,3170,3170,3180,3180,3170,3170,3160,3170,3160,3150,3150,3160,3160,3180,3180,3170,3170,3170,3160,3160,3170,3170,3170,3180,3180,3180,3160,3150,3130,3150,3150,3150,3150,3150,3160,3170,3170,3170,3160,3150,3150,3160,3160,3190,3170,3170,3160,3160,3150,3150,3140,3150,3160,3170,3160,3160,3160,3170
611,2940,2960,2960,2950,2950,2970,2980,2990,3010,3030,3030,3020,3040,3060,3060,3070,3080,3100,3100,3100,3110,3100,3110,3130,3140,3130,3120,3130,3140,3150,3150,3170,3160,3170,3160,3160,3160,3160,3150,3160,3160,3170,3170,3170,3180,3180,3170,3170,3160,3170,3160,3150,3150,3160,3160,3180,3180,3170,3170,3170,3160,3160,3170,3170,3170,3180,3180,3180,3160,3150,3130,3150,3150,3150,3150,3150,3160,3170,3170,3170,3160,3150,3150,3160,3160,3190,3170,3170,3160,3160,3150,3150,3140,3150,3160,3170,3160,3160,3160,3170,3160
612,2960,2960,2950,2950,2970,2980,2990,3010,3030,3030,3020,3040,3060,3060,3070,3080,3100,3100,3100,3110,3100,3110,3130,3140,3130,3120,3130,3140,3150,3150,3170,3160,3170,3160,3160,3160,3160,3150,3160,3160,3170,3170,3170,3180,3180,3170,3170,3160,3170,3160,3150,3150,3160,3160,3180,3180,3170,3170,3170,3160,3160,3170,3170,3170,3180,3180,3180,3160,3150,3130,3150,3150,3150,3150,3150,3160,3170,3170,3170,3160,3150,3150,3160,3160,3190,3170,3170,3160,3160,3150,3150,3140,3150,3160,3170,3160,3160,3160,3170,3160,3180
613,2960,2950,2950,2970,2980,2990,3010,3030,3030,3020,3040,3060,3060,3070,3080,3100,3100,3100,3110,3100,3110,3130,3140,3130,3120,3130,3140,3150,3150,3170,3160,3170,3160,3160,3160,3160,3150,3160,3160,3170,3170,3170,3180,3180,3170,3170,3160,3170,3160,3150,3150,3160,3160,3180,3180,3170,3170,3170,3160,3160,3170,3170,3170,3180,3180,3180,3160,3150,3130,3150,3150,3150,3150,3150,3160,3170,3170,3170,3160,3150,3150,3160,3160,3190,3170,3170,3160,3160,3150,3150,3140,3150,3160,3170,3160,3160,3160,3170,3160,3180,3160
614,2950,2950,2970,2980,2990,3010,3030,3030,3020,3040,3060,3060,3070,3080,3100,3100,3100,3110,3100,3110,3130,3140,3130,3120,3130,3140,3150,3150,3170,3160,3170,3160,3160,3160,3160,3150,3160,3160,3170,3170,3170,3180,3180,3170,3170,3160,3170,3160,3150,3150,3160,3160,3180,3180,3170,3170,3170,3160,3160,3170,3170,3170,3180,3180,3180,3160,3150,3130,3150,3150,3150,3150,3150,3160,3170,3170,3170,3160,3150,3150,3160,3160,3190,3170,3170,3160,3160,3150,3150,3140,3150,3160,3170,3160,3160,3160,3170,3160,3180,3160,3160
615,2950,2970,2980,2990,3010,3030,3030,3020,3040,3060,3060,3070,3080,3100,3100,3100,3110,3100,3110,3130,3140,3130,3120,3130,3140,3150,3150,3170,3160,3170,3160,3160,3160,3160,3150,3160,3160,3170,3170,3170,3180,3180,3170,3170,3160,3170,3160,3150,3150,3160,3160,3180,3180,3170,3170,3170,3160,3160,3170,3170,3170,3180,3180,3180,3160,3150,3130,3150,3150,3150,3150,3150,3160,3170,3170,3170,3160,3150,3150,3160,3160,3190,3170,3170,3160,3160,3150,3150,3140,3150,3160,3170,3160,3160,3160,3170,3160,3180,3160,3160,3160
616,2970,2980,2990,3010,3030,3030,3020,3040,3060,3060,3070,3080,3100,3100,3100,3110,3100,3110,3130,3140,3130,3120,3130,3140,3150,3150,3170,3160,3170,3160,3160,3160,3160,3150,3160,3160,3170,3170,3170,3180,3180,3170,3170,3160,3170,3160,3150,3150,3160,3160,3180,3180,3170,3170,3170,3160,3160,3170,3170,3170,3180,3180,3180,3160,3150,3130,3150,3150,3150,3150,3150,3160,3170,3170,3170,3160,3150,3150,3160,3160,3190,3170,3170,3160,3160,3150,3150,3140,3150,3160,3170,3160,3160,3160,3170,3160,3180,3160,3160,3160,3150
617,2980,2990,3010,3030,3030,3020,3040,3060,3060,3070,3080,3100,3100,3100,3110,3100,3110,3130,3140,3130,3120,3130,3140,3150,3150,3170,3160,3170,3160,3160,3160,3160,3150,3160,3160,3170,3170,3170,3180,3180,3170,3170,3160,3170,3160,3150,3150,3160,3160,3180,3180,3170,3170,3170,3160,3160,3170,3170,3170,3180,3180,3180,3160,3150,3130,3150,3150,3150,3150,3150,3160,3170,3170,3170,3160,3150,3150,3160,3160,3190,3170,3170,3160,3160,3150,3150,3140,3150,3160,3170,3160,3160,3160,3170,3160,3180,3160,3160,3160,3150,3150
618,2990,3010,3030,3030,3020,3040,3060,3060,3070,3080,3100,3100,3100,3110,3100,3110,3130,3140,3130,3120,3130,3140,3150,3150,3170,3160,3170,3160,3160,3160,3160,3150,3160,3160,3170,3170,3170,3180,3180,3170,3170,3160,3170,3160,3150,3150,3160,3160,3180,3180,3170,3170,3170,3160,3160,3170,3170,3170,3180,3180,3180,3160,3150,3130,3150,3150,3150,3150,3150,3160,3170,3170,3170,3160,3150,3150,3160,3160,3190,3170,3170,3160,3160,3150,3150,3140,3150,3160,3170,3160,3160,3160,3170,3160,3180,3160,3160,3160,3150,3150,3160
619,3010,3030,3030,3020,3040,3060,3060,3070,3080,3100,3100,3100,3110,3100,3110,3130,3140,3130,3120,3130,3140,3150,3150,3170,3160,3170,3160,3160,3160,3160,3150,3160,3160,3170,3170,3170,3180,3180,3170,3170,3160,3170,3160,3150,3150,3160,3160,3180,3180,3170,3170,3170,3160,3160,3170,3170,3170,3180,3180,3180,3160,3150,3130,3150,3150,3150,3150,3150,3160,3170,3170,3170,3160,3150,3150,3160,3160,3190,3170,3170,3160,3160,3150,3150,3140,3150,3160,3170,3160,3160,3160,3170,3160,3180,3160,3160,3160,3150,3150,3160,3160
620,3030,3030,3020,3040,3060,3060,3070,3080,3100,3100,3100,3110,3100,3110,3130,3140,3130,3120,3130,3140,3150,3150,3170,3160,3170,3160,3160,3160,3160,3150,3160,3160,3170,3170,3170,3180,3180,3170,3170,3160,3170,3160,3150,3150,3160,3160,3180,3180,3170,3170,3170,3160,3160,3170,3170,3170,3180,3180,3180,3160,3150,3130,3150,3150,3150,3150,3150,3160,3170,3170,3170,3160,3150,3150,3160,3160,3190,3170,3170,3160,3160,3150,3150,3140,3150,3160,3170,3160,3160,3160,3170,3160,3180,3160,3160,3160,3150,3150,3160,3160,3170
621,3030,3020,3040,3060,3060,3070,3080,3100,3100,3100,3110,3100,3110,3130,3140,3130,3120,3130,3140,3150,3150,3170,3160,3170,3160,3160,3160,3160,3150,3160,3160,3170,3170,3170,3180,3180,3170,3170,3160,3170,3160,3150,3150,3160,3160,3180,3180,3170,3170,3170,3160,3160,3170,3170,3170,3180,3180,3180,3160,3150,3130,3150,3150,3150,3150,3150,3160,3170,3170,3170,3160,3150,3150,3160,3160,3190,3170,3170,3160,3160,3150,3150,3140,3150,3160,3170,3160,3160,3160,3170,3160,3180,3160,3160,3160,3150,3150,3160,3160,3170,3170
622,3020,3040,3060,3060,3070,3080,3100,3100,3100,3110,3100,3110,3130,3140,3130,3120,3130,3140,3150,3150,3170,3160,3170,3160,3160,3160,3160,3150,3160,3160,3170,3170,3170,3180,3180,3170,3170,3160,3170,3160,3150,3150,3160,3160,3180,3180,3170,3170,3170,3160,3160,3170,3170,3170,3180,3180,3180,3160,3150,3130,3150,3150,3150,3150,3150,3160,3170,3170,3170,3160,3150,3150,3160,3160,3190,3170,3170,3160,3160,3150,3150,3140,3150,3160,3170,3160,3160,3160,3170,3160,3180,3160,3160,3160,3150,3150,3160,3160,3170,3170,3170
623,3040,3060,3060,3070,3080,3100,3100,3100,3110,3100,3110,3130,3140,3130,3120,3130,3140,3150,3150,3170,3160,3170,3160,3160,3160,3160,3150,3160,3160,3170,3170,3170,3180,3180,3170,3170,3160,3170,3160,3150,3150,3160,3160,3180,3180,3170,3170,3170,3160,3160,3170,3170,3170,3180,3180,3180,3160,3150,3130,3150,3150,3150,3150,3150,3160,3170,3170,3170,3160,3150,3150,3160,3160,3190,3170,3170,3160,3160,3150,3150,3140,3150,3160,3170,3160,3160,3160,3170,3160,3180,3160,3160,3160,3150,3150,3160,3160,3170,3170,3170,3170
624,3060,3060,3070,3080,3100,3100,3100,3110,3100,3110,3130,3140,3130,3120,3130,3140,3150,3150,3170,3160,3170,3160,3160,3160,3160,3150,3160,3160,3170,3170,3170,3180,3180,3170,3170,3160,3170,3160,3150,3150,3160,3160,3180,3180,3170,3170,3170,3160,3160,3170,3170,3170,3180,3180,3180,3160,3150,3130,3150,3150,3150,3150,3150,3160,3170,3170,3170,3160,3150,3150,3160,3160,3190,3170,3170,3160,3160,3150,3150,3140,3150,3160,3170,3160,3160,3160,3170,3160,3180,3160,3160,3160,3150,3150,3160,3160,3170,3170,3170,3170,3180
625,3060,3070,3080,3100,3100,3100,3110,3100,3110,3130,3140,3130,3120,3130,3140,3150,3150,3170,3160,3170,3160,3160,3160,3160,3150,3160,3160,3170,3170,3170,3180,3180,3170,3170,3160,3170,3160,3150,3150,3160,3160,3180,3180,3170,3170,3170,3160,3160,3170,3170,3170,3180,3180,3180,3160,3150,3130,3150,3150,3150,3150,3150,3160,3170,3170,3170,3160,3150,3150,3160,3160,3190,3170,3170,3160,3160,3150,3150,3140,3150,3160,3170,3160,3160,3160,3170,3160,3180,3160,3160,3160,3150,3150,3160,3160,3170,3170,3170,3170,3180,3190
626,3070,3080,3100,3100,3100,3110,3100,3110,3130,3140,3130,3120,3130,3140,3150,3150,3170,3160,3170,3160,3160,3160,3160,3150,3160,3160,3170,3170,3170,3180,3180,3170,3170,3160,3170,3160,3150,3150,3160,3160,3180,3180,3170,3170,3170,3160,3160,3170,3170,3170,3180,3180,3180,3160,3150,3130,3150,3150,3150,3150,3150,3160,3170,3170,3170,3160,3150,3150,3160,3160,3190,3170,3170,3160,3160,3150,3150,3140,3150,3160,3170,3160,3160,3160,3170,3160,3180,3160,3160,3160,3150,3150,3160,3160,3170,3170,3170,3170,3180,3190,3190
627,3080,3100,3100,3100,3110,3100,3110,3130,3140,3130,3120,3130,3140,3150,3150,3170,3160,3170,3160,3160,3160,3160,3150,3160,3160,3170,3170,3170,3180,3180,3170,3170,3160,3170,3160,3150,3150,3160,3160,3180,3180,3170,3170,3170,3160,3160,3170,3170,3170,3180,3180,3180,3160,3150,3130,3150,3150,3150,3150,3150,3160,3170,3170,3170,3160,3150,3150,3160,3160,3190,3170,3170,3160,3160,3150,3150,3140,3150,3160,3170,3160,3160,3160,3170,3160,3180,3160,3160,3160,3150,3150,3160,3160,3170,3170,3170,3170,3180,3190,3190,3200
628,3100,3100,3100,3110,3100,3110,3130,3140,3130,3120,3130,3140,3150,3150,3170,3160,3170,3160,3160,3160,3160,3150,3160,3160,3170,3170,3170,3180,3180,3170,3170,3160,3170,3160,3150,3150,3160,3160,3180,3180,3170,3170,3170,3160,3160,3170,3170,3170,3180,3180,3180,3160,3150,3130,3150,3150,3150,3150,3150,3160,3170,3170,3170,3160,3150,3150,3160,3160,3190,3170,3170,3160,3160,3150,3150,3140,3150,3160,3170,3160,3160,3160,3170,3160,3180,3160,3160,3160,3150,3150,3160,3160,3170,3170,3170,3170,3180,3190,3190,3200,3210
629,3100,3100,3110,3100,3110,3130,3140,3130,3120,3130,3140,3150,3150,3170,3160,3170,3160,3160,3160,3160,3150,3160,3160,3170,3170,3170,3180,3180,3170,3170,3160,3170,3160,3150,3150,3160,3160,3180,3180,3170,3170,3170,3160,3160,3170,3170,3170,3180,3180,3180,3160,3150,3130,3150,3150,3150,3150,3150,3160,3170,3170,3170,3160,3150,3150,3160,3160,3190,3170,3170,3160,3160,3150,3150,3140,3150,3160,3170,3160,3160,3160,3170,3160,3180,3160,3160,3160,3150,3150,3160,3160,3170,3170,3170,3170,3180,3190,3190,3200,3210,3240
630,3100,3110,3100,3110,3130,3140,3130,3120,3130,3140,3150,3150,3170,3160,3170,3160,3160,3160,3160,3150,3160,3160,3170,3170,3170,3180,3180,3170,3170,3160,3170,3160,3150,3150,3160,3160,3180,3180,3170,3170,3170,3160,3160,3170,3170,3170,3180,3180,3180,3160,3150,3130,3150,3150,3150,3150,3150,3160,3170,3170,3170,3160,3150,3150,3160,3160,3190,3170,3170,3160,3160,3150,3150,3140,3150,3160,3170,3160,3160,3160,3170,3160,3180,3160,3160,3160,3150,3150,3160,3160,3170,3170,3170,3170,3180,3190,3190,3200,3210,3240,3240
631,3110,3100,3110,3130,3140,3130,3120,3130,3140,3150,3150,3170,3160,3170,3160,3160,3160,3160,3150,3160,3160,3170,3170,3170,3180,3180,3170,3170,3160,3170,3160,3150,3150,3160,3160,3180,3180,3170,3170,3170,3160,3160,3170,3170,3170,3180,3180,3180,3160,3150,3130,3150,3150,3150,3150,3150,3160,3170,3170,3170,3160,3150,3150,3160,3160,3190,3170,3170,3160,3160,3150,3150,3140,3150,3160,3170,3160,3160,3160,3170,3160,3180,3160,3160,3160,3150,3150,3160,3160,3170,3170,3170,3170,3180,3190,3190,3200,3210,3240,3240,3240
632,3100,3110,3130,3140,3130,3120,3130,3140,3150,3150,3170,3160,3170,3160,3160,3160,3160,3150,3160,3160,3170,3170,3170,3180,3180,3170,3170,3160,3170,3160,3150,3150,3160,3160,3180,3180,3170,3170,3170,3160,3160,3170,3170,3170,3180,3180,3180,3160,3150,3130,3150,3150,3150,3150,3150,3160,3170,3170,3170,3160,3150,3150,3160,3160,3190,3170,3170,3160,3160,3150,3150,3140,3150,3160,3170,3160,3160,3160,3170,3160,3180,3160,3160,3160,3150,3150,3160,3160,3170,3170,3170,3170,3180,3190,3190,3200,3210,3240,3240,3240,3240
633,3110,3130,3140,3130,3120,3130,3140,3150,3150,3170,3160,3170,3160,3160,3160,3160,3150,3160,3160,3170,3170,3170,3180,3180,3170,3170,3160,3170,3160,3150,3150,3160,3160,3180,3180,3170,3170,3170,3160,3160,3170,3170,3170,3180,3180,3180,3160,3150,3130,3150,3150,3150,3150,3150,3160,3170,3170,3170,3160,3150,3150,3160,3160,3190,3170,3170,3160,3160,3150,3150,3140,3150,3160,3170,3160,3160,3160,3170,3160,3180,3160,3160,3160,3150,3150,3160,3160,3170,3170,3170,3170,3180,3190,3190,3200,3210,3240,3240,3240,3240,3250
634,3130,3140,3130,3120,3130,3140,3150,3150,3170,3160,3170,3160,3160,3160,3160,3150,3160,3160,3170,3170,3170,3180,3180,3170,3170,3160,3170,3160,3150,3150,3160,3160,3180,3180,3170,3170,3170,3160,3160,3170,3170,3170,3180,3180,3180,3160,3150,3130,3150,3150,3150,3150,3150,3160,3170,3170,3170,3160,3150,3150,3160,3160,3190,3170,3170,3160,3160,3150,3150,3140,3150,3160,3170,3160,3160,3160,3170,3160,3180,3160,3160,3160,3150,3150,3160,3160,3170,3170,3170,3170,3180,3190,3190,3200,3210,3240,3240,3240,3240,3250,3260
635,3140,3130,3120,3130,3140,3150,3150,3170,3160,3170,3160,3160,3160,3160,3150,3160,3160,3170,3170,3170,3180,3180,3170,3170,3160,3170,3160,3150,3150,3160,3160,3180,3180,3170,3170,3170,3160,3160,3170,3170,3170,3180,3180,3180,3160,3150,3130,3150,3150,3150,3150,3150,3160,3170,3170,3170,3160,3150,3150,3160,3160,3190,3170,3170,3160,3160,3150,3150,3140,3150,3160,3170,3160,3160,3160,3170,3160,3180,3160,3160,3160,3150,3150,3160,3160,3170,3170,3170,3170,3180,3190,3190,3200,3210,3240,3240,3240,3240,3250,3260,3280
636,3130,3120,3130,3140,3150,3150,3170,3160,3170,3160,3160,3160,3160,3150,3160,3160,3170,3170,3170,3180,3180,3170,3170,3160,3170,3160,3150,3150,3160,3160,3180,3180,3170,3170,3170,3160,3160,3170,3170,3170,3180,3180,3180,3160,3150,3130,3150,3150,3150,3150,3150,3160,3170,3170,3170,3160,3150,3150,3160,3160,3190,3170,3170,3160,3160,3150,3150,3140,3150,3160,3170,3160,3160,3160,3170,3160,3180,3160,3160,3160,3150,3150,3160,3160,3170,3170,3170,3170,3180,3190,3190,3200,3210,3240,3240,3240,3240,3250,3260,3280,3290
637,3120,3130,3140,3150,3150,3170,3160,3170,3160,3160,3160,3160,3150,3160,3160,3170,3170,3170,3180,3180,3170,3170,3160,3170,3160,3150,3150,3160,3160,3180,3180,3170,3170,3170,3160,3160,3170,3170,3170,3180,3180,3180,3160,3150,3130,3150,3150,3150,3150,3150,3160,3170,3170,3170,3160,3150,3150,3160,3160,3190,3170,3170,3160,3160,3150,3150,3140,3150,3160,3170,3160,3160,3160,3170,3160,3180,3160,3160,3160,3150,3150,3160,3160,3170,3170,3170,3170,3180,3190,3190,3200,3210,3240,3240,3240,3240,3250,3260,3280,3290,3320
638,3130,3140,3150,3150,3170,3160,3170,3160,3160,3160,3160,3150,3160,3160,3170,3170,3170,3180,3180,3170,3170,3160,3170,3160,3150,3150,3160,3160,3180,3180,3170,3170,3170,3160,3160,3170,3170,3170,3180,3180,3180,3160,3150,3130,3150,3150,3150,3150,3150,3160,3170,3170,3170,3160,3150,3150,3160,3160,3190,3170,3170,3160,3160,3150,3150,3140,3150,3160,3170,3160,3160,3160,3170,3160,3180,3160,3160,3160,3150,3150,3160,3160,3170,3170,3170,3170,3180,3190,3190,3200,3210,3240,3240,3240,3240,3250,3260,3280,3290,3320,3320
639,3140,3150,3150,3170,3160,3170,3160,3160,3160,3160,3150,3160,3160,3170,3170,3170,3180,3180,3170,3170,3160,3170,3160,3150,3150,3160,3160,3180,3180,3170,3170,3170,3160,3160,3170,3170,3170,3180,3180,3180,3160,3150,3130,3150,3150,3150,3150,3150,3160,3170,3170,3170,3160,3150,3150,3160,3160,3190,3170,3170,3160,3160,3150,3150,3140,3150,3160,3170,3160,3160,3160,3170,3160,3180,3160,3160,3160,3150,3150,3160,3160,3170,3170,3170,3170,3180,3190,3190,3200,3210,3240,3240,3240,3240,3250,3260,3280,3290,3320,3320,3320
640,3150,3150,3170,3160,3170,3160,3160,3160,3160,3150,3160,3160,3170,3170,3170,3180,3180,3170,3170,3160,3170,3160,3150,3150,3160,3160,3180,3180,3170,3170,3170,3160,3160,3170,3170,3170,3180,3180,3180,3160,3150,3130,3150,3150,3150,3150,3150,3160,3170,3170,3170,3160,3150,3150,3160,3160,3190,3170,3170,3160,3160,3150,3150,3140,3150,3160,3170,3160,3160,3160,3170,3160,3180,3160,3160,3160,3150,3150,3160,3160,3170,3170,3170,3170,3180,3190,3190,3200,3210,3240,3240,3240,3240,3250,3260,3280,3290,3320,3320,3320,3320
641,3150,3170,3160,3170,3160,3160,3160,3160,3150,3160,3160,3170,3170,3170,3180,3180,3170,3170,3160,3170,3160,3150,3150,3160,3160,3180,3180,3170,3170,3170,3160,3160,3170,3170,3170,3180,3180,3180,3160,3150,3130,3150,3150,3150,3150,3150,3160,3170,3170,3170,3160,3150,3150,3160,3160,3190,3170,3170,3160,3160,3150,3150,3140,3150,3160,3170,3160,3160,3160,3170,3160,3180,3160,3160,3160,3150,3150,3160,3160,3170,3170,3170,3170,3180,3190,3190,3200,3210,3240,3240,3240,3240,3250,3260,3280,3290,3320,3320,3320,3320,3330
642,3170,3160,3170,3160,3160,3160,3160,3150,3160,3160,3170,3170,3170,3180,3180,3170,3170,3160,3170,3160,3150,3150,3160,3160,3180,3180,3170,3170,3170,3160,3160,3170,3170,3170,3180,3180,3180,3160,3150,3130,3150,3150,3150,3150,3150,3160,3170,3170,3170,3160,3150,3150,3160,3160,3190,3170,3170,3160,3160,3150,3150,3140,3150,3160,3170,3160,3160,3160,3170,3160,3180,3160,3160,3160,3150,3150,3160,3160,3170,3170,3170,3170,3180,3190,3190,3200,3210,3240,3240,3240,3240,3250,3260,3280,3290,3320,3320,3320,3320,3330,3350
643,3160,3170,3160,3160,3160,3160,3150,3160,3160,3170,3170,3170,3180,3180,3170,3170,3160,3170,3160,3150,3150,3160,3160,3180,3180,3170,3170,3170,3160,3160,3170,3170,3170,3180,3180,3180,3160,3150,3130,3150,3150,3150,3150,3150,3160,3170,3170,3170,3160,3150,3150,3160,3160,3190,3170,3170,3160,3160,3150,3150,3140,3150,3160,3170,3160,3160,3160,3170,3160,3180,3160,3160,3160,3150,3150,3160,3160,3170,3170,3170,3170,3180,3190,3190,3200,3210,3240,3240,3240,3240,3250,3260,3280,3290,3320,3320,3320,3320,3330,3350,3360
644,3170,3160,3160,3160,3160,3150,3160,3160,3170,3170,3170,3180,3180,3170,3170,3160,3170,3160,3150,3150,3160,3160,3180,3180,3170,3170,3170,3160,3160,3170,3170,3170,3180,3180,3180,3160,3150,3130,3150,3150,3150,3150,3150,3160,3170,3170,3170,3160,3150,3150,3160,3160,3190,3170,3170,3160,3160,3150,3150,3140,3150,3160,3170,3160,3160,3160,3170,3160,3180,3160,3160,3160,3150,3150,3160,3160,3170,3170,3170,3170,3180,3190,3190,3200,3210,3240,3240,3240,3240,3250,3260,3280,3290,3320,3320,3320,3320,3330,3350,3360,3360
645,3160,3160,3160,3160,3150,3160,3160,3170,3170,3170,3180,3180,3170,3170,3160,3170,3160,3150,3150,3160,3160,3180,3180,3170,3170,3170,3160,3160,3170,3170,3170,3180,3180,3180,3160,3150,3130,3150,3150,3150,3150,3150,3160,3170,3170,3170,3160,3150,3150,3160,3160,3190,3170,3170,3160,3160,3150,3150,3140,3150,3160,3170,3160,3160,3160,3170,3160,3180,3160,3160,3160,3150,3150,3160,3160,3170,3170,3170,3170,3180,3190,3190,3200,3210,3240,3240,3240,3240,3250,3260,3280,3290,3320,3320,3320,3320,3330,3350,3360,3360,3340
646,3160,3160,3160,3150,3160,3160,3170,3170,3170,3180,3180,3170,3170,3160,3170,3160,3150,3150,3160,3160,3180,3180,3170,3170,3170,3160,3160,3170,3170,3170,3180,3180,3180,3160,3150,3130,3150,3150,3150,3150,3150,3160,3170,3170,3170,3160,3150,3150,3160,3160,3190,3170,3170,3160,3160,3150,3150,3140,3150,3160,3170,3160,3160,3160,3170,3160,3180,3160,3160,3160,3150,3150,3160,3160,3170,3170,3170,3170,3180,3190,3190,3200,3210,3240,3240,3240,3240,3250,3260,3280,3290,3320,3320,3320,3320,3330,3350,3360,3360,3340,3330
647,3160,3160,3150,3160,3160,3170,3170,3170,3180,3180,3170,3170,3160,3170,3160,3150,3150,3160,3160,3180,3180,3170,3170,3170,3160,3160,3170,3170,3170,3180,3180,3180,3160,3150,3130,3150,3150,3150,3150,3150,3160,3170,3170,3170,3160,3150,3150,3160,3160,3190,3170,3170,3160,3160,3150,3150,3140,3150,3160,3170,3160,3160,3160,3170,3160,3180,3160,3160,3160,3150,3150,3160,3160,3170,3170,3170,3170,3180,3190,3190,3200,3210,3240,3240,3240,3240,3250,3260,3280,3290,3320,3320,3320,3320,3330,3350,3360,3360,3340,3330,3330
648,3160,3150,3160,3160,3170,3170,3170,3180,3180,3170,3170,3160,3170,3160,3150,3150,3160,3160,3180,3180,3170,3170,3170,3160,3160,3170,3170,3170,3180,3180,3180,3160,3150,3130,3150,3150,3150,3150,3150,3160,3170,3170,3170,3160,3150,3150,3160,3160,3190,3170,3170,3160,3160,3150,3150,3140,3150,3160,3170,3160,3160,3160,3170,3160,3180,3160,3160,3160,3150,3150,3160,3160,3170,3170,3170,3170,3180,3190,3190,3200,3210,3240,3240,3240,3240,3250,3260,3280,3290,3320,3320,3320,3320,3330,3350,3360,3360,3340,3330,3330,3340
649,3150,3160,3160,3170,3170,3170,3180,3180,3170,3170,3160,3170,3160,3150,3150,3160,3160,3180,3180,3170,3170,3170,3160,3160,3170,3170,3170,3180,3180,3180,3160,3150,3130,3150,3150,3150,3150,3150,3160,3170,3170,3170,3160,3150,3150,3160,3160,3190,3170,3170,3160,3160,3150,3150,3140,3150,3160,3170,3160,3160,3160,3170,3160,3180,3160,3160,3160,3150,3150,3160,3160,3170,3170,3170,3170,3180,3190,3190,3200,3210,3240,3240,3240,3240,3250,3260,3280,3290,3320,3320,3320,3320,3330,3350,3360,3360,3340,3330,3330,3340,3340
650,3160,3160,3170,3170,3170,3180,3180,3170,3170,3160,3170,3160,3150,3150,3160,3160,3180,3180,3170,3170,3170,3160,3160,3170,3170,3170,3180,3180,3180,3160,3150,3130,3150,3150,3150,3150,3150,3160,3170,3170,3170,3160,3150,3150,3160,3160,3190,3170,3170,3160,3160,3150,3150,3140,3150,3160,3170,3160,3160,3160,3170,3160,3180,3160,3160,3160,3150,3150,3160,3160,3170,3170,3170,3170,3180,3190,3190,3200,3210,3240,3240,3240,3240,3250,3260,3280,3290,3320,3320,3320,3320,3330,3350,3360,3360,3340,3330,3330,3340,3340,3330
651,3160,3170,3170,3170,3180,3180,3170,3170,3160,3170,3160,3150,3150,3160,3160,3180,3180,3170,3170,3170,3160,3160,3170,3170,3170,3180,3180,3180,3160,3150,3130,3150,3150,3150,3150,3150,3160,3170,3170,3170,3160,3150,3150,3160,3160,3190,3170,3170,3160,3160,3150,3150,3140,3150,3160,3170,3160,3160,3160,3170,3160,3180,3160,3160,3160,3150,3150,3160,3160,3170,3170,3170,3170,3180,3190,3190,3200,3210,3240,3240,3240,3240,3250,3260,3280,3290,3320,3320,3320,3320,3330,3350,3360,3360,3340,3330,3330,3340,3340,3330,3310
652,3170,3170,3170,3180,3180,3170,3170,3160,3170,3160,3150,3150,3160,3160,3180,3180,3170,3170,3170,3160,3160,3170,3170,3170,3180,3180,3180,3160,3150,3130,3150,3150,3150,3150,3150,3160,3170,3170,3170,3160,3150,3150,3160,3160,3190,3170,3170,3160,3160,3150,3150,3140,3150,3160,3170,3160,3160,3160,3170,3160,3180,3160,3160,3160,3150,3150,3160,3160,3170,3170,3170,3170,3180,3190,3190,3200,3210,3240,3240,3240,3240,3250,3260,3280,3290,3320,3320,3320,3320,3330,3350,3360,3360,3340,3330,3330,3340,3340,3330,3310,3330
653,3170,3170,3180,3180,3170,3170,3160,3170,3160,3150,3150,3160,3160,3180,3180,3170,3170,3170,3160,3160,3170,3170,3170,3180,3180,3180,3160,3150,3130,3150,3150,3150,3150,3150,3160,3170,3170,3170,3160,3150,3150,3160,3160,3190,3170,3170,3160,3160,3150,3150,3140,3150,3160,3170,3160,3160,3160,3170,3160,3180,3160,3160,3160,3150,3150,3160,3160,3170,3170,3170,3170,3180,3190,3190,3200,3210,3240,3240,3240,3240,3250,3260,3280,3290,3320,3320,3320,3320,3330,3350,3360,3360,3340,3330,3330,3340,3340,3330,3310,3330,3350
654,3170,3180,3180,3170,3170,3160,3170,3160,3150,3150,3160,3160,3180,3180,3170,3170,3170,3160,3160,3170,3170,3170,3180,3180,3180,3160,3150,3130,3150,3150,3150,3150,3150,3160,3170,3170,3170,3160,3150,3150,3160,3160,3190,3170,3170,3160,3160,3150,3150,3140,3150,3160,3170,3160,3160,3160,3170,3160,3180,3160,3160,3160,3150,3150,3160,3160,3170,3170,3170,3170,3180,3190,3190,3200,3210,3240,3240,3240,3240,3250,3260,3280,3290,3320,3320,3320,3320,3330,3350,3360,3360,3340,3330,3330,3340,3340,3330,3310,3330,3350,3350
655,3180,3180,3170,3170,3160,3170,3160,3150,3150,3160,3160,3180,3180,3170,3170,3170,3160,3160,3170,3170,3170,3180,3180,3180,3160,3150,3130,3150,3150,3150,3150,3150,3160,3170,3170,3170,3160,3150,3150,3160,3160,3190,3170,3170,3160,3160,3150,3150,3140,3150,3160,3170,3160,3160,3160,3170,3160,3180,3160,3160,3160,3150,3150,3160,3160,3170,3170,3170,3170,3180,3190,3190,3200,3210,3240,3240,3240,3240,3250,3260,3280,3290,3320,3320,3320,3320,3330,3350,3360,3360,3340,3330,3330,3340,3340,3330,3310,3330,3350,3350,3340
656,3180,3170,3170,3160,3170,3160,3150,3150,3160,3160,3180,3180,3170,3170,3170,3160,3160,3170,3170,3170,3180,3180,3180,3160,3150,3130,3150,3150,3150,3150,3150,3160,3170,3170,3170,3160,3150,3150,3160,3160,3190,3170,3170,3160,3160,3150,3150,3140,3150,3160,3170,3160,3160,3160,3170,3160,3180,3160,3160,3160,3150,3150,3160,3160,3170,3170,3170,3170,3180,3190,3190,3200,3210,3240,3240,3240,3240,3250,3260,3280,3290,3320,3320,3320,3320,3330,3350,3360,3360,3340,3330,3330,3340,3340,3330,3310,3330,3350,3350,3340,3340
657,3170,3170,3160,3170,3160,3150,3150,3160,3160,3180,3180,3170,3170,3170,3160,3160,3170,3170,3170,3180,3180,3180,3160,3150,3130,3150,3150,3150,3150,3150,3160,3170,3170,3170,3160,3150,3150,3160,3160,3190,3170,3170,3160,3160,3150,3150,3140,3150,3160,3170,3160,3160,3160,3170,3160,3180,3160,3160,3160,3150,3150,3160,3160,3170,3170,3170,3170,3180,3190,3190,3200,3210,3240,3240,3240,3240,3250,3260,3280,3290,3320,3320,3320,3320,3330,3350,3360,3360,3340,3330,3330,3340,3340,3330,3310,3330,3350,3350,3340,3340,3340
658,3170,3160,3170,3160,3150,3150,3160,3160,3180,3180,3170,3170,3170,3160,3160,3170,3170,3170,3180,3180,3180,3160,3150,3130,3150,3150,3150,3150,3150,3160,3170,3170,3170,3160,3150,3150,3160,3160,3190,3170,3170,3160,3160,3150,3150,3140,3150,3160,3170,3160,3160,3160,3170,3160,3180,3160,3160,3160,3150,3150,3160,3160,3170,3170,3170,3170,3180,3190,3190,3200,3210,3240,3240,3240,3240,3250,3260,3280,3290,3320,3320,3320,3320,3330,3350,3360,3360,3340,3330,3330,3340,3340,3330,3310,3330,3350,3350,3340,3340,3340,3340
659,3160,3170,3160,3150,3150,3160,3160,3180,3180,3170,3170,3170,3160,3160,3170,3170,3170,3180,3180,3180,3160,3150,3130,3150,3150,3150,3150,3150,3160,3170,3170,3170,3160,3150,3150,3160,3160,3190,3170,3170,3160,3160,3150,3150,3140,3150,3160,3170,3160,3160,3160,3170,3160,3180,3160,3160,3160,3150,3150,3160,3160,3170,3170,3170,3170,3180,3190,3190,3200,3210,3240,3240,3240,3240,3250,3260,3280,3290,3320,3320,3320,3320,3330,3350,3360,3360,3340,3330,3330,3340,3340,3330,3310,3330,3350,3350,3340,3340,3340,3340,3370
660,3170,3160,3150,3150,3160,3160,3180,3180,3170,3170,3170,3160,3160,3170,3170,3170,3180,3180,3180,3160,3150,3130,3150,3150,3150,3150,3150,3160,3170,3170,3170,3160,3150,3150,3160,3160,3190,3170,3170,3160,3160,3150,3150,3140,3150,3160,3170,3160,3160,3160,3170,3160,3180,3160,3160,3160,3150,3150,3160,3160,3170,3170,3170,3170,3180,3190,3190,3200,3210,3240,3240,3240,3240,3250,3260,3280,3290,3320,3320,3320,3320,3330,3350,3360,3360,3340,3330,3330,3340,3340,3330,3310,3330,3350,3350,3340,3340,3340,3340,3370,3380
661,3160,3150,3150,3160,3160,3180,3180,3170,3170,3170,3160,3160,3170,3170,3170,3180,3180,3180,3160,3150,3130,3150,3150,3150,3150,3150,3160,3170,3170,3170,3160,3150,3150,3160,3160,3190,3170,3170,3160,3160,3150,3150,3140,3150,3160,3170,3160,3160,3160,3170,3160,3180,3160,3160,3160,3150,3150,3160,3160,3170,3170,3170,3170,3180,3190,3190,3200,3210,3240,3240,3240,3240,3250,3260,3280,3290,3320,3320,3320,3320,3330,3350,3360,3360,3340,3330,3330,3340,3340,3330,3310,3330,3350,3350,3340,3340,3340,3340,3370,3380,3400
662,3150,3150,3160,3160,3180,3180,3170,3170,3170,3160,3160,3170,3170,3170,3180,3180,3180,3160,3150,3130,3150,3150,3150,3150,3150,3160,3170,3170,3170,3160,3150,3150,3160,3160,3190,3170,3170,3160,3160,3150,3150,3140,3150,3160,3170,3160,3160,3160,3170,3160,3180,3160,3160,3160,3150,3150,3160,3160,3170,3170,3170,3170,3180,3190,3190,3200,3210,3240,3240,3240,3240,3250,3260,3280,3290,3320,3320,3320,3320,3330,3350,3360,3360,3340,3330,3330,3340,3340,3330,3310,3330,3350,3350,3340,3340,3340,3340,3370,3380,3400,3410
663,3150,3160,3160,3180,3180,3170,3170,3170,3160,3160,3170,3170,3170,3180,3180,3180,3160,3150,3130,3150,3150,3150,3150,3150,3160,3170,3170,3170,3160,3150,3150,3160,3160,3190,3170,3170,3160,3160,3150,3150,3140,3150,3160,3170,3160,3160,3160,3170,3160,3180,3160,3160,3160,3150,3150,3160,3160,3170,3170,3170,3170,3180,3190,3190,3200,3210,3240,3240,3240,3240,3250,3260,3280,3290,3320,3320,3320,3320,3330,3350,3360,3360,3340,3330,3330,3340,3340,3330,3310,3330,3350,3350,3340,3340,3340,3340,3370,3380,3400,3410,3410
664,3160,3160,3180,3180,3170,3170,3170,3160,3160,3170,3170,3170,3180,3180,3180,3160,3150,3130,3150,3150,3150,3150,3150,3160,3170,3170,3170,3160,3150,3150,3160,3160,3190,3170,3170,3160,3160,3150,3150,3140,3150,3160,3170,3160,3160,3160,3170,3160,3180,3160,3160,3160,3150,3150,3160,3160,3170,3170,3170,3170,3180,3190,3190,3200,3210,3240,3240,3240,3240,3250,3260,3280,3290,3320,3320,3320,3320,3330,3350,3360,3360,3340,3330,3330,3340,3340,3330,3310,3330,3350,3350,3340,3340,3340,3340,3370,3380,3400,3410,3410,3420
665,3160,3180,3180,3170,3170,3170,3160,3160,3170,3170,3170,3180,3180,3180,3160,3150,3130,3150,3150,3150,3150,3150,3160,3170,3170,3170,3160,3150,3150,3160,3160,3190,3170,3170,3160,3160,3150,3150,3140,3150,3160,3170,3160,3160,3160,3170,3160,3180,3160,3160,3160,3150,3150,3160,3160,3170,3170,3170,3170,3180,3190,3190,3200,3210,3240,3240,3240,3240,3250,3260,3280,3290,3320,3320,3320,3320,3330,3350,3360,3360,3340,3330,3330,3340,3340,3330,3310,3330,3350,3350,3340,3340,3340,3340,3370,3380,3400,3410,3410,3420,3420
666,3180,3180,3170,3170,3170,3160,3160,3170,3170,3170,3180,3180,3180,3160,3150,3130,3150,3150,3150,3150,3150,3160,3170,3170,3170,3160,3150,3150,3160,3160,3190,3170,3170,3160,3160,3150,3150,3140,3150,3160,3170,3160,3160,3160,3170,3160,3180,3160,3160,3160,3150,3150,3160,3160,3170,3170,3170,3170,3180,3190,3190,3200,3210,3240,3240,3240,3240,3250,3260,3280,3290,3320,3320,3320,3320,3330,3350,3360,3360,3340,3330,3330,3340,3340,3330,3310,3330,3350,3350,3340,3340,3340,3340,3370,3380,3400,3410,3410,3420,3420,3430
667,3180,3170,3170,3170,3160,3160,3170,3170,3170,3180,3180,3180,3160,3150,3130,3150,3150,3150,3150,3150,3160,3170,3170,3170,3160,3150,3150,3160,3160,3190,3170,3170,3160,3160,3150,3150,3140,3150,3160,3170,3160,3160,3160,3170,3160,3180,3160,3160,3160,3150,3150,3160,3160,3170,3170,3170,3170,3180,3190,3190,3200,3210,3240,3240,3240,3240,3250,3260,3280,3290,3320,3320,3320,3320,3330,3350,3360,3360,3340,3330,3330,3340,3340,3330,3310,3330,3350,3350,3340,3340,3340,3340,3370,3380,3400,3410,3410,3420,3420,3430,3420
668,3170,3170,3170,3160,3160,3170,3170,3170,3180,3180,3180,3160,3150,3130,3150,3150,3150,3150,3150,3160,3170,3170,3170,3160,3150,3150,3160,3160,3190,3170,3170,3160,3160,3150,3150,3140,3150,3160,3170,3160,3160,3160,3170,3160,3180,3160,3160,3160,3150,3150,3160,3160,3170,3170,3170,3170,3180,3190,3190,3200,3210,3240,3240,3240,3240,3250,3260,3280,3290,3320,3320,3320,3320,3330,3350,3360,3360,3340,3330,3330,3340,3340,3330,3310,3330,3350,3350,3340,3340,3340,3340,3370,3380,3400,3410,3410,3420,3420,3430,3420,3440
669,3170,3170,3160,3160,3170,3170,3170,3180,3180,3180,3160,3150,3130,3150,3150,3150,3150,3150,3160,3170,3170,3170,3160,3150,3150,3160,3160,3190,3170,3170,3160,3160,3150,3150,3140,3150,3160,3170,3160,3160,3160,3170,3160,3180,3160,3160,3160,3150,3150,3160,3160,3170,3170,3170,3170,3180,3190,3190,3200,3210,3240,3240,3240,3240,3250,3260,3280,3290,3320,3320,3320,3320,3330,3350,3360,3360,3340,3330,3330,3340,3340,3330,3310,3330,3350,3350,3340,3340,3340,3340,3370,3380,3400,3410,3410,3420,3420,3430,3420,3440,3440
670,3170,3160,3160,3170,3170,3170,3180,3180,3180,3160,3150,3130,3150,3150,3150,3150,3150,3160,3170,3170,3170,3160,3150,3150,3160,3160,3190,3170,3170,3160,3160,3150,3150,3140,3150,3160,3170,3160,3160,3160,3170,3160,3180,3160,3160,3160,3150,3150,3160,3160,3170,3170,3170,3170,3180,3190,3190,3200,3210,3240,3240,3240,3240,3250,3260,3280,3290,3320,3320,3320,3320,3330,3350,3360,3360,3340,3330,3330,3340,3340,3330,3310,3330,3350,3350,3340,3340,3340,3340,3370,3380,3400,3410,3410,3420,3420,3430,3420,3440,3440,3450
671,3160,3160,3170,3170,3170,3180,3180,3180,3160,3150,3130,3150,3150,3150,3150,3150,3160,3170,3170,3170,3160,3150,3150,3160,3160,3190,3170,3170,3160,3160,3150,3150,3140,3150,3160,3170,3160,3160,3160,3170,3160,3180,3160,3160,3160,3150,3150,3160,3160,3170,3170,3170,3170,3180,3190,3190,3200,3210,3240,3240,3240,3240,3250,3260,3280,3290,3320,3320,3320,3320,3330,3350,3360,3360,3340,3330,3330,3340,3340,3330,3310,3330,3350,3350,3340,3340,3340,3340,3370,3380,3400,3410,3410,3420,3420,3430,3420,3440,3440,3450,3460
672,3160,3170,3170,3170,3180,3180,3180,3160,3150,3130,3150,3150,3150,3150,3150,3160,3170,3170,3170,3160,3150,3150,3160,3160,3190,3170,3170,3160,3160,3150,3150,3140,3150,3160,3170,3160,3160,3160,3170,3160,3180,3160,3160,3160,3150,3150,3160,3160,3170,3170,3170,3170,3180,3190,3190,3200,3210,3240,3240,3240,3240,3250,3260,3280,3290,3320,3320,3320,3320,3330,3350,3360,3360,3340,3330,3330,3340,3340,3330,3310,3330,3350,3350,3340,3340,3340,3340,3370,3380,3400,3410,3410,3420,3420,3430,3420,3440,3440,3450,3460,3480
673,3170,3170,3170,3180,3180,3180,3160,3150,3130,3150,3150,3150,3150,3150,3160,3170,3170,3170,3160,3150,3150,3160,3160,3190,3170,3170,3160,3160,3150,3150,3140,3150,3160,3170,3160,3160,3160,3170,3160,3180,3160,3160,3160,3150,3150,3160,3160,3170,3170,3170,3170,3180,3190,3190,3200,3210,3240,3240,3240,3240,3250,3260,3280,3290,3320,3320,3320,3320,3330,3350,3360,3360,3340,3330,3330,3340,3340,3330,3310,3330,3350,3350,3340,3340,3340,3340,3370,3380,3400,3410,3410,3420,3420,3430,3420,3440,3440,3450,3460,3480,3500
674,3170,3170,3180,3180,3180,3160,3150,3130,3150,3150,3150,3150,3150,3160,3170,3170,3170,3160,3150,3150,3160,3160,3190,3170,3170,3160,3160,3150,3150,3140,3150,3160,3170,3160,3160,3160,3170,3160,3180,3160,3160,3160,3150,3150,3160,3160,3170,3170,3170,3170,3180,3190,3190,3200,3210,3240,3240,3240,3240,3250,3260,3280,3290,3320,3320,3320,3320,3330,3350,3360,3360,3340,3330,3330,3340,3340,3330,3310,3330,3350,3350,3340,3340,3340,3340,3370,3380,3400,3410,3410,3420,3420,3430,3420,3440,3440,3450,3460,3480,3500,3520
675,3170,3180,3180,3180,3160,3150,3130,3150,3150,3150,3150,3150,3160,3170,3170,3170,3160,3150,3150,3160,3160,3190,3170,3170,3160,3160,3150,3150,3140,3150,3160,3170,3160,3160,3160,3170,3160,3180,3160,3160,3160,3150,3150,3160,3160,3170,3170,3170,3170,3180,3190,3190,3200,3210,3240,3240,3240,3240,3250,3260,3280,3290,3320,3320,3320,3320,3330,3350,3360,3360,3340,3330,3330,3340,3340,3330,3310,3330,3350,3350,3340,3340,3340,3340,3370,3380,3400,3410,3410,3420,3420,3430,3420,3440,3440,3450,3460,3480,3500,3520,3530
676,3180,3180,3180,3160,3150,3130,3150,3150,3150,3150,3150,3160,3170,3170,3170,3160,3150,3150,3160,3160,3190,3170,3170,3160,3160,3150,3150,3140,3150,3160,3170,3160,3160,3160,3170,3160,3180,3160,3160,3160,3150,3150,3160,3160,3170,3170,3170,3170,3180,3190,3190,3200,3210,3240,3240,3240,3240,3250,3260,3280,3290,3320,3320,3320,3320,3330,3350,3360,3360,3340,3330,3330,3340,3340,3330,3310,3330,3350,3350,3340,3340,3340,3340,3370,3380,3400,3410,3410,3420,3420,3430,3420,3440,3440,3450,3460,3480,3500,3520,3530,3550
677,3180,3180,3160,3150,3130,3150,3150,3150,3150,3150,3160,3170,3170,3170,3160,3150,3150,3160,3160,3190,3170,3170,3160,3160,3150,3150,3140,3150,3160,3170,3160,3160,3160,3170,3160,3180,3160,3160,3160,3150,3150,3160,3160,3170,3170,3170,3170,3180,3190,3190,3200,3210,3240,3240,3240,3240,3250,3260,3280,3290,3320,3320,3320,3320,3330,3350,3360,3360,3340,3330,3330,3340,3340,3330,3310,3330,3350,3350,3340,3340,3340,3340,3370,3380,3400,3410,3410,3420,3420,3430,3420,3440,3440,3450,3460,3480,3500,3520,3530,3550,3570
678,3180,3160,3150,3130,3150,3150,3150,3150,3150,3160,3170,3170,3170,3160,3150,3150,3160,3160,3190,3170,3170,3160,3160,3150,3150,3140,3150,3160,3170,3160,3160,3160,3170,3160,3180,3160,3160,3160,3150,3150,3160,3160,3170,3170,3170,3170,3180,3190,3190,3200,3210,3240,3240,3240,3240,3250,3260,3280,3290,3320,3320,3320,3320,3330,3350,3360,3360,3340,3330,3330,3340,3340,3330,3310,3330,3350,3350,3340,3340,3340,3340,3370,3380,3400,3410,3410,3420,3420,3430,3420,3440,3440,3450,3460,3480,3500,3520,3530,3550,3570,3580
679,3160,3150,3130,3150,3150,3150,3150,3150,3160,3170,3170,3170,3160,3150,3150,3160,3160,3190,3170,3170,3160,3160,3150,3150,3140,3150,3160,3170,3160,3160,3160,3170,3160,3180,3160,3160,3160,3150,3150,3160,3160,3170,3170,3170,3170,3180,3190,3190,3200,3210,3240,3240,3240,3240,3250,3260,3280,3290,3320,3320,3320,3320,3330,3350,3360,3360,3340,3330,3330,3340,3340,3330,3310,3330,3350,3350,3340,3340,3340,3340,3370,3380,3400,3410,3410,3420,3420,3430,3420,3440,3440,3450,3460,3480,3500,3520,3530,3550,3570,3580,3570
680,3150,3130,3150,3150,3150,3150,3150,3160,3170,3170,3170,3160,3150,3150,3160,3160,3190,3170,3170,3160,3160,3150,3150,3140,3150,3160,3170,3160,3160,3160,3170,3160,3180,3160,3160,3160,3150,3150,3160,3160,3170,3170,3170,3170,3180,3190,3190,3200,3210,3240,3240,3240,3240,3250,3260,3280,3290,3320,3320,3320,3320,3330,3350,3360,3360,3340,3330,3330,3340,3340,3330,3310,3330,3350,3350,3340,3340,3340,3340,3370,3380,3400,3410,3410,3420,3420,3430,3420,3440,3440,3450,3460,3480,3500,3520,3530,3550,3570,3580,3570,3580
681,3130,3150,3150,3150,3150,3150,3160,3170,3170,3170,3160,3150,3150,3160,3160,3190,3170,3170,3160,3160,3150,3150,3140,3150,3160,3170,3160,3160,3160,3170,3160,3180,3160,3160,3160,3150,3150,3160,3160,3170,3170,3170,3170,3180,3190,3190,3200,3210,3240,3240,3240,3240,3250,3260,3280,3290,3320,3320,3320,3320,3330,3350,3360,3360,3340,3330,3330,3340,3340,3330,3310,3330,3350,3350,3340,3340,3340,3340,3370,3380,3400,3410,3410,3420,3420,3430,3420,3440,3440,3450,3460,3480,3500,3520,3530,3550,3570,3580,3570,3580,3590
682,3150,3150,3150,3150,3150,3160,3170,3170,3170,3160,3150,3150,3160,3160,3190,3170,3170,3160,3160,3150,3150,3140,3150,3160,3170,3160,3160,3160,3170,3160,3180,3160,3160,3160,3150,3150,3160,3160,3170,3170,3170,3170,3180,3190,3190,3200,3210,3240,3240,3240,3240,3250,3260,3280,3290,3320,3320,3320,3320,3330,3350,3360,3360,3340,3330,3330,3340,3340,3330,3310,3330,3350,3350,3340,3340,3340,3340,3370,3380,3400,3410,3410,3420,3420,3430,3420,3440,3440,3450,3460,3480,3500,3520,3530,3550,3570,3580,3570,3580,3590,3610
683,3150,3150,3150,3150,3160,3170,3170,3170,3160,3150,3150,3160,3160,3190,3170,3170,3160,3160,3150,3150,3140,3150,3160,3170,3160,3160,3160,3170,3160,3180,3160,3160,3160,3150,3150,3160,3160,3170,3170,3170,3170,3180,3190,3190,3200,3210,3240,3240,3240,3240,3250,3260,3280,3290,3320,3320,3320,3320,3330,3350,3360,3360,3340,3330,3330,3340,3340,3330,3310,3330,3350,3350,3340,3340,3340,3340,3370,3380,3400,3410,3410,3420,3420,3430,3420,3440,3440,3450,3460,3480,3500,3520,3530,3550,3570,3580,3570,3580,3590,3610,3630
684,3150,3150,3150,3160,3170,3170,3170,3160,3150,3150,3160,3160,3190,3170,3170,3160,3160,3150,3150,3140,3150,3160,3170,3160,3160,3160,3170,3160,3180,3160,3160,3160,3150,3150,3160,3160,3170,3170,3170,3170,3180,3190,3190,3200,3210,3240,3240,3240,3240,3250,3260,3280,3290,3320,3320,3320,3320,3330,3350,3360,3360,3340,3330,3330,3340,3340,3330,3310,3330,3350,3350,3340,3340,3340,3340,3370,3380,3400,3410,3410,3420,3420,3430,3420,3440,3440,3450,3460,3480,3500,3520,3530,3550,3570,3580,3570,3580,3590,3610,3630,3650
685,3150,3150,3160,3170,3170,3170,3160,3150,3150,3160,3160,3190,3170,3170,3160,3160,3150,3150,3140,3150,3160,3170,3160,3160,3160,3170,3160,3180,3160,3160,3160,3150,3150,3160,3160,3170,3170,3170,3170,3180,3190,3190,3200,3210,3240,3240,3240,3240,3250,3260,3280,3290,3320,3320,3320,3320,3330,3350,3360,3360,3340,3330,3330,3340,3340,3330,3310,3330,3350,3350,3340,3340,3340,3340,3370,3380,3400,3410,3410,3420,3420,3430,3420,3440,3440,3450,3460,3480,3500,3520,3530,3550,3570,3580,3570,3580,3590,3610,3630,3650,3670
686,3150,3160,3170,3170,3170,3160,3150,3150,3160,3160,3190,3170,3170,3160,3160,3150,3150,3140,3150,3160,3170,3160,3160,3160,3170,3160,3180,3160,3160,3160,3150,3150,3160,3160,3170,3170,3170,3170,3180,3190,3190,3200,3210,3240,3240,3240,3240,3250,3260,3280,3290,3320,3320,3320,3320,3330,3350,3360,3360,3340,3330,3330,3340,3340,3330,3310,3330,3350,3350,3340,3340,3340,3340,3370,3380,3400,3410,3410,3420,3420,3430,3420,3440,3440,3450,3460,3480,3500,3520,3530,3550,3570,3580,3570,3580,3590,3610,3630,3650,3670,3670
687,3160,3170,3170,3170,3160,3150,3150,3160,3160,3190,3170,3170,3160,3160,3150,3150,3140,3150,3160,3170,3160,3160,3160,3170,3160,3180,3160,3160,3160,3150,3150,3160,3160,3170,3170,3170,3170,3180,3190,3190,3200,3210,3240,3240,3240,3240,3250,3260,3280,3290,3320,3320,3320,3320,3330,3350,3360,3360,3340,3330,3330,3340,3340,3330,3310,3330,3350,3350,3340,3340,3340,3340,3370,3380,3400,3410,3410,3420,3420,3430,3420,3440,3440,3450,3460,3480,3500,3520,3530,3550,3570,3580,3570,3580,3590,3610,3630,3650,3670,3670,3680
688,3170,3170,3170,3160,3150,3150,3160,3160,3190,3170,3170,3160,3160,3150,3150,3140,3150,3160,3170,3160,3160,3160,3170,3160,3180,3160,3160,3160,3150,3150,3160,3160,3170,3170,3170,3170,3180,3190,3190,3200,3210,3240,3240,3240,3240,3250,3260,3280,3290,3320,3320,3320,3320,3330,3350,3360,3360,3340,3330,3330,3340,3340,3330,3310,3330,3350,3350,3340,3340,3340,3340,3370,3380,3400,3410,3410,3420,3420,3430,3420,3440,3440,3450,3460,3480,3500,3520,3530,3550,3570,3580,3570,3580,3590,3610,3630,3650,3670,3670,3680,3680
689,3170,3170,3160,3150,3150,3160,3160,3190,3170,3170,3160,3160,3150,3150,3140,3150,3160,3170,3160,3160,3160,3170,3160,3180,3160,3160,3160,3150,3150,3160,3160,3170,3170,3170,3170,3180,3190,3190,3200,3210,3240,3240,3240,3240,3250,3260,3280,3290,3320,3320,3320,3320,3330,3350,3360,3360,3340,3330,3330,3340,3340,3330,3310,3330,3350,3350,3340,3340,3340,3340,3370,3380,3400,3410,3410,3420,3420,3430,3420,3440,3440,3450,3460,3480,3500,3520,3530,3550,3570,3580,3570,3580,3590,3610,3630,3650,3670,3670,3680,3680,3690
690,3170,3160,3150,3150,3160,3160,3190,3170,3170,3160,3160,3150,3150,3140,3150,3160,3170,3160,3160,3160,3170,3160,3180,3160,3160,3160,3150,3150,3160,3160,3170,3170,3170,3170,3180,3190,3190,3200,3210,3240,3240,3240,3240,3250,3260,3280,3290,3320,3320,3320,3320,3330,3350,3360,3360,3340,3330,3330,3340,3340,3330,3310,3330,3350,3350,3340,3340,3340,3340,3370,3380,3400,3410,3410,3420,3420,3430,3420,3440,3440,3450,3460,3480,3500,3520,3530,3550,3570,3580,3570,3580,3590,3610,3630,3650,3670,3670,3680,3680,3690,3710
691,3160,3150,3150,3160,3160,3190,3170,3170,3160,3160,3150,3150,3140,3150,3160,3170,3160,3160,3160,3170,3160,3180,3160,3160,3160,3150,3150,3160,3160,3170,3170,3170,3170,3180,3190,3190,3200,3210,3240,3240,3240,3240,3250,3260,3280,3290,3320,3320,3320,3320,3330,3350,3360,3360,3340,3330,3330,3340,3340,3330,3310,3330,3350,3350,3340,3340,3340,3340,3370,3380,3400,3410,3410,3420,3420,3430,3420,3440,3440,3450,3460,3480,3500,3520,3530,3550,3570,3580,3570,3580,3590,3610,3630,3650,3670,3670,3680,3680,3690,3710,3690
692,3150,3150,3160,3160,3190,3170,3170,3160,3160,3150,3150,3140,3150,3160,3170,3160,3160,3160,3170,3160,3180,3160,3160,3160,3150,3150,3160,3160,3170,3170,3170,3170,3180,3190,3190,3200,3210,3240,3240,3240,3240,3250,3260,3280,3290,3320,3320,3320,3320,3330,3350,3360,3360,3340,3330,3330,3340,3340,3330,3310,3330,3350,3350,3340,3340,3340,3340,3370,3380,3400,3410,3410,3420,3420,3430,3420,3440,3440,3450,3460,3480,3500,3520,3530,3550,3570,3580,3570,3580,3590,3610,3630,3650,3670,3670,3680,3680,3690,3710,3690,3710
693,3150,3160,3160,3190,3170,3170,3160,3160,3150,3150,3140,3150,3160,3170,3160,3160,3160,3170,3160,3180,3160,3160,3160,3150,3150,3160,3160,3170,3170,3170,3170,3180,3190,3190,3200,3210,3240,3240,3240,3240,3250,3260,3280,3290,3320,3320,3320,3320,3330,3350,3360,3360,3340,3330,3330,3340,3340,3330,3310,3330,3350,3350,3340,3340,3340,3340,3370,3380,3400,3410,3410,3420,3420,3430,3420,3440,3440,3450,3460,3480,3500,3520,3530,3550,3570,3580,3570,3580,3590,3610,3630,3650,3670,3670,3680,3680,3690,3710,3690,3710,3710
694,3160,3160,3190,3170,3170,3160,3160,3150,3150,3140,3150,3160,3170,3160,3160,3160,3170,3160,3180,3160,3160,3160,3150,3150,3160,3160,3170,3170,3170,3170,3180,3190,3190,3200,3210,3240,3240,3240,3240,3250,3260,3280,3290,3320,3320,3320,3320,3330,3350,3360,3360,3340,3330,3330,3340,3340,3330,3310,3330,3350,3350,3340,3340,3340,3340,3370,3380,3400,3410,3410,3420,3420,3430,3420,3440,3440,3450,3460,3480,3500,3520,3530,3550,3570,3580,3570,3580,3590,3610,3630,3650,3670,3670,3680,3680,3690,3710,3690,3710,3710,3710
695,3160,3190,3170,3170,3160,3160,3150,3150,3140,3150,3160,3170,3160,3160,3160,3170,3160,3180,3160,3160,3160,3150,3150,3160,3160,3170,3170,3170,3170,3180,3190,3190,3200,3210,3240,3240,3240,3240,3250,3260,3280,3290,3320,3320,3320,3320,3330,3350,3360,3360,3340,3330,3330,3340,3340,3330,3310,3330,3350,3350,3340,3340,3340,3340,3370,3380,3400,3410,3410,3420,3420,3430,3420,3440,3440,3450,3460,3480,3500,3520,3530,3550,3570,3580,3570,3580,3590,3610,3630,3650,3670,3670,3680,3680,3690,3710,3690,3710,3710,3710,3710
696,3190,3170,3170,3160,3160,3150,3150,3140,3150,3160,3170,3160,3160,3160,3170,3160,3180,3160,3160,3160,3150,3150,3160,3160,3170,3170,3170,3170,3180,3190,3190,3200,3210,3240,3240,3240,3240,3250,3260,3280,3290,3320,3320,3320,3320,3330,3350,3360,3360,3340,3330,3330,3340,3340,3330,3310,3330,3350,3350,3340,3340,3340,3340,3370,3380,3400,3410,3410,3420,3420,3430,3420,3440,3440,3450,3460,3480,3500,3520,3530,3550,3570,3580,3570,3580,3590,3610,3630,3650,3670,3670,3680,3680,3690,3710,3690,3710,3710,3710,3710,3730
697,3170,3170,3160,3160,3150,3150,3140,3150,3160,3170,3160,3160,3160,3170,3160,3180,3160,3160,3160,3150,3150,3160,3160,3170,3170,3170,3170,3180,3190,3190,3200,3210,3240,3240,3240,3240,3250,3260,3280,3290,3320,3320,3320,3320,3330,3350,3360,3360,3340,3330,3330,3340,3340,3330,3310,3330,3350,3350,3340,3340,3340,3340,3370,3380,3400,3410,3410,3420,3420,3430,3420,3440,3440,3450,3460,3480,3500,3520,3530,3550,3570,3580,3570,3580,3590,3610,3630,3650,3670,3670,3680,3680,3690,3710,3690,3710,3710,3710,3710,3730,3770
698,3170,3160,3160,3150,3150,3140,3150,3160,3170,3160,3160,3160,3170,3160,3180,3160,3160,3160,3150,3150,3160,3160,3170,3170,3170,3170,3180,3190,3190,3200,3210,3240,3240,3240,3240,3250,3260,3280,3290,3320,3320,3320,3320,3330,3350,3360,3360,3340,3330,3330,3340,3340,3330,3310,3330,3350,3350,3340,3340,3340,3340,3370,3380,3400,3410,3410,3420,3420,3430,3420,3440,3440,3450,3460,3480,3500,3520,3530,3550,3570,3580,3570,3580,3590,3610,3630,3650,3670,3670,3680,3680,3690,3710,3690,3710,3710,3710,3710,3730,3770,3780
699,3160,3160,3150,3150,3140,3150,3160,3170,3160,3160,3160,3170,3160,3180,3160,3160,3160,3150,3150,3160,3160,3170,3170,3170,3170,3180,3190,3190,3200,3210,3240,3240,3240,3240,3250,3260,3280,3290,3320,3320,3320,3320,3330,3350,3360,3360,3340,3330,3330,3340,3340,3330,3310,3330,3350,3350,3340,3340,3340,3340,3370,3380,3400,3410,3410,3420,3420,3430,3420,3440,3440,3450,3460,3480,3500,3520,3530,3550,3570,3580,3570,3580,3590,3610,3630,3650,3670,3670,3680,3680,3690,3710,3690,3710,3710,3710,3710,3730,3770,3780,3790
700,3160,3150,3150,3140,3150,3160,3170,3160,3160,3160,3170,3160,3180,3160,3160,3160,3150,3150,3160,3160,3170,3170,3170,3170,3180,3190,3190,3200,3210,3240,3240,3240,3240,3250,3260,3280,3290,3320,3320,3320,3320,3330,3350,3360,3360,3340,3330,3330,3340,3340,3330,3310,3330,3350,3350,3340,3340,3340,3340,3370,3380,3400,3410,3410,3420,3420,3430,3420,3440,3440,3450,3460,3480,3500,3520,3530,3550,3570,3580,3570,3580,3590,3610,3630,3650,3670,3670,3680,3680,3690,3710,3690,3710,3710,3710,3710,3730,3770,3780,3790,3810
701,3150,3150,3140,3150,3160,3170,3160,3160,3160,3170,3160,3180,3160,3160,3160,3150,3150,3160,3160,3170,3170,3170,3170,3180,3190,3190,3200,3210,3240,3240,3240,3240,3250,3260,3280,3290,3320,3320,3320,3320,3330,3350,3360,3360,3340,3330,3330,3340,3340,3330,3310,3330,3350,3350,3340,3340,3340,3340,3370,3380,3400,3410,3410,3420,3420,3430,3420,3440,3440,3450,3460,3480,3500,3520,3530,3550,3570,3580,3570,3580,3590,3610,3630,3650,3670,3670,3680,3680,3690,3710,3690,3710,3710,3710,3710,3730,3770,3780,3790,3810,3820
702,3150,3140,3150,3160,3170,3160,3160,3160,3170,3160,3180,3160,3160,3160,3150,3150,3160,3160,3170,3170,3170,3170,3180,3190,3190,3200,3210,3240,3240,3240,3240,3250,3260,3280,3290,3320,3320,3320,3320,3330,3350,3360,3360,3340,3330,3330,3340,3340,3330,3310,3330,3350,3350,3340,3340,3340,3340,3370,3380,3400,3410,3410,3420,3420,3430,3420,3440,3440,3450,3460,3480,3500,3520,3530,3550,3570,3580,3570,3580,3590,3610,3630,3650,3670,3670,3680,3680,3690,3710,3690,3710,3710,3710,3710,3730,3770,3780,3790,3810,3820,3830
703,3140,3150,3160,3170,3160,3160,3160,3170,3160,3180,3160,3160,3160,3150,3150,3160,3160,3170,3170,3170,3170,3180,3190,3190,3200,3210,3240,3240,3240,3240,3250,3260,3280,3290,3320,3320,3320,3320,3330,3350,3360,3360,3340,3330,3330,3340,3340,3330,3310,3330,3350,3350,3340,3340,3340,3340,3370,3380,3400,3410,3410,3420,3420,3430,3420,3440,3440,3450,3460,3480,3500,3520,3530,3550,3570,3580,3570,3580,3590,3610,3630,3650,3670,3670,3680,3680,3690,3710,3690,3710,3710,3710,3710,3730,3770,3780,3790,3810,3820,3830,3850
704,3150,3160,3170,3160,3160,3160,3170,3160,3180,3160,3160,3160,3150,3150,3160,3160,3170,3170,3170,3170,3180,3190,3190,3200,3210,3240,3240,3240,3240,3250,3260,3280,3290,3320,3320,3320,3320,3330,3350,3360,3360,3340,3330,3330,3340,3340,3330,3310,3330,3350,3350,3340,3340,3340,3340,3370,3380,3400,3410,3410,3420,3420,3430,3420,3440,3440,3450,3460,3480,3500,3520,3530,3550,3570,3580,3570,3580,3590,3610,3630,3650,3670,3670,3680,3680,3690,3710,3690,3710,3710,3710,3710,3730,3770,3780,3790,3810,3820,3830,3850,3830
705,3160,3170,3160,3160,3160,3170,3160,3180,3160,3160,3160,3150,3150,3160,3160,3170,3170,3170,3170,3180,3190,3190,3200,3210,3240,3240,3240,3240,3250,3260,3280,3290,3320,3320,3320,3320,3330,3350,3360,3360,3340,3330,3330,3340,3340,3330,3310,3330,3350,3350,3340,3340,3340,3340,3370,3380,3400,3410,3410,3420,3420,3430,3420,3440,3440,3450,3460,3480,3500,3520,3530,3550,3570,3580,3570,3580,3590,3610,3630,3650,3670,3670,3680,3680,3690,3710,3690,3710,3710,3710,3710,3730,3770,3780,3790,3810,3820,3830,3850,3830,3830
706,3170,3160,3160,3160,3170,3160,3180,3160,3160,3160,3150,3150,3160,3160,3170,3170,3170,3170,3180,3190,3190,3200,3210,3240,3240,3240,3240,3250,3260,3280,3290,3320,3320,3320,3320,3330,3350,3360,3360,3340,3330,3330,3340,3340,3330,3310,3330,3350,3350,3340,3340,3340,3340,3370,3380,3400,3410,3410,3420,3420,3430,3420,3440,3440,3450,3460,3480,3500,3520,3530,3550,3570,3580,3570,3580,3590,3610,3630,3650,3670,3670,3680,3680,3690,3710,3690,3710,3710,3710,3710,3730,3770,3780,3790,3810,3820,3830,3850,3830,3830,3830
707,3160,3160,3160,3170,3160,3180,3160,3160,3160,3150,3150,3160,3160,3170,3170,3170,3170,3180,3190,3190,3200,3210,3240,3240,3240,3240,3250,3260,3280,3290,3320,3320,3320,3320,3330,3350,3360,3360,3340,3330,3330,3340,3340,3330,3310,3330,3350,3350,3340,3340,3340,3340,3370,3380,3400,3410,3410,3420,3420,3430,3420,3440,3440,3450,3460,3480,3500,3520,3530,3550,3570,3580,3570,3580,3590,3610,3630,3650,3670,3670,3680,3680,3690,3710,3690,3710,3710,3710,3710,3730,3770,3780,3790,3810,3820,3830,3850,3830,3830,3830,3860
708,3160,3160,3170,3160,3180,3160,3160,3160,3150,3150,3160,3160,3170,3170,3170,3170,3180,3190,3190,3200,3210,3240,3240,3240,3240,3250,3260,3280,3290,3320,3320,3320,3320,3330,3350,3360,3360,3340,3330,3330,3340,3340,3330,3310,3330,3350,3350,3340,3340,3340,3340,3370,3380,3400,3410,3410,3420,3420,3430,3420,3440,3440,3450,3460,3480,3500,3520,3530,3550,3570,3580,3570,3580,3590,3610,3630,3650,3670,3670,3680,3680,3690,3710,3690,3710,3710,3710,3710,3730,3770,3780,3790,3810,3820,3830,3850,3830,3830,3830,3860,3880
709,3160,3170,3160,3180,3160,3160,3160,3150,3150,3160,3160,3170,3170,3170,3170,3180,3190,3190,3200,3210,3240,3240,3240,3240,3250,3260,3280,3290,3320,3320,3320,3320,3330,3350,3360,3360,3340,3330,3330,3340,3340,3330,3310,3330,3350,3350,3340,3340,3340,3340,3370,3380,3400,3410,3410,3420,3420,3430,3420,3440,3440,3450,3460,3480,3500,3520,3530,3550,3570,3580,3570,3580,3590,3610,3630,3650,3670,3670,3680,3680,3690,3710,3690,3710,3710,3710,3710,3730,3770,3780,3790,3810,3820,3830,3850,3830,3830,3830,3860,3880,3920
710,3170,3160,3180,3160,3160,3160,3150,3150,3160,3160,3170,3170,3170,3170,3180,3190,3190,3200,3210,3240,3240,3240,3240,3250,3260,3280,3290,3320,3320,3320,3320,3330,3350,3360,3360,3340,3330,3330,3340,3340,3330,3310,3330,3350,3350,3340,3340,3340,3340,3370,3380,3400,3410,3410,3420,3420,3430,3420,3440,3440,3450,3460,3480,3500,3520,3530,3550,3570,3580,3570,3580,3590,3610,3630,3650,3670,3670,3680,3680,3690,3710,3690,3710,3710,3710,3710,3730,3770,3780,3790,3810,3820,3830,3850,3830,3830,3830,3860,3880,3920,3920
711,3160,3180,3160,3160,3160,3150,3150,3160,3160,3170,3170,3170,3170,3180,3190,3190,3200,3210,3240,3240,3240,3240,3250,3260,3280,3290,3320,3320,3320,3320,3330,3350,3360,3360,3340,3330,3330,3340,3340,3330,3310,3330,3350,3350,3340,3340,3340,3340,3370,3380,3400,3410,3410,3420,3420,3430,3420,3440,3440,3450,3460,3480,3500,3520,3530,3550,3570,3580,3570,3580,3590,3610,3630,3650,3670,3670,3680,3680,3690,3710,3690,3710,3710,3710,3710,3730,3770,3780,3790,3810,3820,3830,3850,3830,3830,3830,3860,3880,3920,3920,3930
712,3180,3160,3160,3160,3150,3150,3160,3160,3170,3170,3170,3170,3180,3190,3190,3200,3210,3240,3240,3240,3240,3250,3260,3280,3290,3320,3320,3320,3320,3330,3350,3360,3360,3340,3330,3330,3340,3340,3330,3310,3330,3350,3350,3340,3340,3340,3340,3370,3380,3400,3410,3410,3420,3420,3430,3420,3440,3440,3450,3460,3480,3500,3520,3530,3550,3570,3580,3570,3580,3590,3610,3630,3650,3670,3670,3680,3680,3690,3710,3690,3710,3710,3710,3710,3730,3770,3780,3790,3810,3820,3830,3850,3830,3830,3830,3860,3880,3920,3920,3930,3950
713,3160,3160,3160,3150,3150,3160,3160,3170,3170,3170,3170,3180,3190,3190,3200,3210,3240,3240,3240,3240,3250,3260,3280,3290,3320,3320,3320,3320,3330,3350,3360,3360,3340,3330,3330,3340,3340,3330,3310,3330,3350,3350,3340,3340,3340,3340,3370,3380,3400,3410,3410,3420,3420,3430,3420,3440,3440,3450,3460,3480,3500,3520,3530,3550,3570,3580,3570,3580,3590,3610,3630,3650,3670,3670,3680,3680,3690,3710,3690,3710,3710,3710,3710,3730,3770,3780,3790,3810,3820,3830,3850,3830,3830,3830,3860,3880,3920,3920,3930,3950,3970
714,3160,3160,3150,3150,3160,3160,3170,3170,3170,3170,3180,3190,3190,3200,3210,3240,3240,3240,3240,3250,3260,3280,3290,3320,3320,3320,3320,3330,3350,3360,3360,3340,3330,3330,3340,3340,3330,3310,3330,3350,3350,3340,3340,3340,3340,3370,3380,3400,3410,3410,3420,3420,3430,3420,3440,3440,3450,3460,3480,3500,3520,3530,3550,3570,3580,3570,3580,3590,3610,3630,3650,3670,3670,3680,3680,3690,3710,3690,3710,3710,3710,3710,3730,3770,3780,3790,3810,3820,3830,3850,3830,3830,3830,3860,3880,3920,3920,3930,3950,3970,4000
715,3160,3150,3150,3160,3160,3170,3170,3170,3170,3180,3190,3190,3200,3210,3240,3240,3240,3240,3250,3260,3280,3290,3320,3320,3320,3320,3330,3350,3360,3360,3340,3330,3330,3340,3340,3330,3310,3330,3350,3350,3340,3340,3340,3340,3370,3380,3400,3410,3410,3420,3420,3430,3420,3440,3440,3450,3460,3480,3500,3520,3530,3550,3570,3580,3570,3580,3590,3610,3630,3650,3670,3670,3680,3680,3690,3710,3690,3710,3710,3710,3710,3730,3770,3780,3790,3810,3820,3830,3850,3830,3830,3830,3860,3880,3920,3920,3930,3950,3970,4000,4010
716,3150,3150,3160,3160,3170,3170,3170,3170,3180,3190,3190,3200,3210,3240,3240,3240,3240,3250,3260,3280,3290,3320,3320,3320,3320,3330,3350,3360,3360,3340,3330,3330,3340,3340,3330,3310,3330,3350,3350,3340,3340,3340,3340,3370,3380,3400,3410,3410,3420,3420,3430,3420,3440,3440,3450,3460,3480,3500,3520,3530,3550,3570,3580,3570,3580,3590,3610,3630,3650,3670,3670,3680,3680,3690,3710,3690,3710,3710,3710,3710,3730,3770,3780,3790,3810,3820,3830,3850,3830,3830,3830,3860,3880,3920,3920,3930,3950,3970,4000,4010,4020
717,3150,3160,3160,3170,3170,3170,3170,3180,3190,3190,3200,3210,3240,3240,3240,3240,3250,3260,3280,3290,3320,3320,3320,3320,3330,3350,3360,3360,3340,3330,3330,3340,3340,3330,3310,3330,3350,3350,3340,3340,3340,3340,3370,3380,3400,3410,3410,3420,3420,3430,3420,3440,3440,3450,3460,3480,3500,3520,3530,3550,3570,3580,3570,3580,3590,3610,3630,3650,3670,3670,3680,3680,3690,3710,3690,3710,3710,3710,3710,3730,3770,3780,3790,3810,3820,3830,3850,3830,3830,3830,3860,3880,3920,3920,3930,3950,3970,4000,4010,4020,4010
718,3160,3160,3170,3170,3170,3170,3180,3190,3190,3200,3210,3240,3240,3240,3240,3250,3260,3280,3290,3320,3320,3320,3320,3330,3350,3360,3360,3340,3330,3330,3340,3340,3330,3310,3330,3350,3350,3340,3340,3340,3340,3370,3380,3400,3410,3410,3420,3420,3430,3420,3440,3440,3450,3460,3480,3500,3520,3530,3550,3570,3580,3570,3580,3590,3610,3630,3650,3670,3670,3680,3680,3690,3710,3690,3710,3710,3710,3710,3730,3770,3780,3790,3810,3820,3830,3850,3830,3830,3830,3860,3880,3920,3920,3930,3950,3970,4000,4010,4020,4010,4030
719,3160,3170,3170,3170,3170,3180,3190,3190,3200,3210,3240,3240,3240,3240,3250,3260,3280,3290,3320,3320,3320,3320,3330,3350,3360,3360,3340,3330,3330,3340,3340,3330,3310,3330,3350,3350,3340,3340,3340,3340,3370,3380,3400,3410,3410,3420,3420,3430,3420,3440,3440,3450,3460,3480,3500,3520,3530,3550,3570,3580,3570,3580,3590,3610,3630,3650,3670,3670,3680,3680,3690,3710,3690,3710,3710,3710,3710,3730,3770,3780,3790,3810,3820,3830,3850,3830,3830,3830,3860,3880,3920,3920,3930,3950,3970,4000,4010,4020,4010,4030,4110
720,3170,3170,3170,3170,3180,3190,3190,3200,3210,3240,3240,3240,3240,3250,3260,3280,3290,3320,3320,3320,3320,3330,3350,3360,3360,3340,3330,3330,3340,3340,3330,3310,3330,3350,3350,3340,3340,3340,3340,3370,3380,3400,3410,3410,3420,3420,3430,3420,3440,3440,3450,3460,3480,3500,3520,3530,3550,3570,3580,3570,3580,3590,3610,3630,3650,3670,3670,3680,3680,3690,3710,3690,3710,3710,3710,3710,3730,3770,3780,3790,3810,3820,3830,3850,3830,3830,3830,3860,3880,3920,3920,3930,3950,3970,4000,4010,4020,4010,4030,4110,4160
721,3170,3170,3170,3180,3190,3190,3200,3210,3240,3240,3240,3240,3250,3260,3280,3290,3320,3320,3320,3320,3330,3350,3360,3360,3340,3330,3330,3340,3340,3330,3310,3330,3350,3350,3340,3340,3340,3340,3370,3380,3400,3410,3410,3420,3420,3430,3420,3440,3440,3450,3460,3480,3500,3520,3530,3550,3570,3580,3570,3580,3590,3610,3630,3650,3670,3670,3680,3680,3690,3710,3690,3710,3710,3710,3710,3730,3770,3780,3790,3810,3820,3830,3850,3830,3830,3830,3860,3880,3920,3920,3930,3950,3970,4000,4010,4020,4010,4030,4110,4160,4240
722,3170,3170,3180,3190,3190,3200,3210,3240,3240,3240,3240,3250,3260,3280,3290,3320,3320,3320,3320,3330,3350,3360,3360,3340,3330,3330,3340,3340,3330,3310,3330,3350,3350,3340,3340,3340,3340,3370,3380,3400,3410,3410,3420,3420,3430,3420,3440,3440,3450,3460,3480,3500,3520,3530,3550,3570,3580,3570,3580,3590,3610,3630,3650,3670,3670,3680,3680,3690,3710,3690,3710,3710,3710,3710,3730,3770,3780,3790,3810,3820,3830,3850,3830,3830,3830,3860,3880,3920,3920,3930,3950,3970,4000,4010,4020,4010,4030,4110,4160,4240,4340
723,3170,3180,3190,3190,3200,3210,3240,3240,3240,3240,3250,3260,3280,3290,3320,3320,3320,3320,3330,3350,3360,3360,3340,3330,3330,3340,3340,3330,3310,3330,3350,3350,3340,3340,3340,3340,3370,3380,3400,3410,3410,3420,3420,3430,3420,3440,3440,3450,3460,3480,3500,3520,3530,3550,3570,3580,3570,3580,3590,3610,3630,3650,3670,3670,3680,3680,3690,3710,3690,3710,3710,3710,3710,3730,3770,3780,3790,3810,3820,3830,3850,3830,3830,3830,3860,3880,3920,3920,3930,3950,3970,4000,4010,4020,4010,4030,4110,4160,4240,4340,4360
724,3180,3190,3190,3200,3210,3240,3240,3240,3240,3250,3260,3280,3290,3320,3320,3320,3320,3330,3350,3360,3360,3340,3330,3330,3340,3340,3330,3310,3330,3350,3350,3340,3340,3340,3340,3370,3380,3400,3410,3410,3420,3420,3430,3420,3440,3440,3450,3460,3480,3500,3520,3530,3550,3570,3580,3570,3580,3590,3610,3630,3650,3670,3670,3680,3680,3690,3710,3690,3710,3710,3710,3710,3730,3770,3780,3790,3810,3820,3830,3850,3830,3830,3830,3860,3880,3920,3920,3930,3950,3970,4000,4010,4020,4010,4030,4110,4160,4240,4340,4360,4450
725,3190,3190,3200,3210,3240,3240,3240,3240,3250,3260,3280,3290,3320,3320,3320,3320,3330,3350,3360,3360,3340,3330,3330,3340,3340,3330,3310,3330,3350,3350,3340,3340,3340,3340,3370,3380,3400,3410,3410,3420,3420,3430,3420,3440,3440,3450,3460,3480,3500,3520,3530,3550,3570,3580,3570,3580,3590,3610,3630,3650,3670,3670,3680,3680,3690,3710,3690,3710,3710,3710,3710,3730,3770,3780,3790,3810,3820,3830,3850,3830,3830,3830,3860,3880,3920,3920,3930,3950,3970,4000,4010,4020,4010,4030,4110,4160,4240,4340,4360,4450,4550
726,3190,3200,3210,3240,3240,3240,3240,3250,3260,3280,3290,3320,3320,3320,3320,3330,3350,3360,3360,3340,3330,3330,3340,3340,3330,3310,3330,3350,3350,3340,3340,3340,3340,3370,3380,3400,3410,3410,3420,3420,3430,3420,3440,3440,3450,3460,3480,3500,3520,3530,3550,3570,3580,3570,3580,3590,3610,3630,3650,3670,3670,3680,3680,3690,3710,3690,3710,3710,3710,3710,3730,3770,3780,3790,3810,3820,3830,3850,3830,3830,3830,3860,3880,3920,3920,3930,3950,3970,4000,4010,4020,4010,4030,4110,4160,4240,4340,4360,4450,4550,4490
727,3200,3210,3240,3240,3240,3240,3250,3260,3280,3290,3320,3320,3320,3320,3330,3350,3360,3360,3340,3330,3330,3340,3340,3330,3310,3330,3350,3350,3340,3340,3340,3340,3370,3380,3400,3410,3410,3420,3420,3430,3420,3440,3440,3450,3460,3480,3500,3520,3530,3550,3570,3580,3570,3580,3590,3610,3630,3650,3670,3670,3680,3680,3690,3710,3690,3710,3710,3710,3710,3730,3770,3780,3790,3810,3820,3830,3850,3830,3830,3830,3860,3880,3920,3920,3930,3950,3970,4000,4010,4020,4010,4030,4110,4160,4240,4340,4360,4450,4550,4490,4750
728,3210,3240,3240,3240,3240,3250,3260,3280,3290,3320,3320,3320,3320,3330,3350,3360,3360,3340,3330,3330,3340,3340,3330,3310,3330,3350,3350,3340,3340,3340,3340,3370,3380,3400,3410,3410,3420,3420,3430,3420,3440,3440,3450,3460,3480,3500,3520,3530,3550,3570,3580,3570,3580,3590,3610,3630,3650,3670,3670,3680,3680,3690,3710,3690,3710,3710,3710,3710,3730,3770,3780,3790,3810,3820,3830,3850,3830,3830,3830,3860,3880,3920,3920,3930,3950,3970,4000,4010,4020,4010,4030,4110,4160,4240,4340,4360,4450,4550,4490,4750,4670
729,3240,3240,3240,3240,3250,3260,3280,3290,3320,3320,3320,3320,3330,3350,3360,3360,3340,3330,3330,3340,3340,3330,3310,3330,3350,3350,3340,3340,3340,3340,3370,3380,3400,3410,3410,3420,3420,3430,3420,3440,3440,3450,3460,3480,3500,3520,3530,3550,3570,3580,3570,3580,3590,3610,3630,3650,3670,3670,3680,3680,3690,3710,3690,3710,3710,3710,3710,3730,3770,3780,3790,3810,3820,3830,3850,3830,3830,3830,3860,3880,3920,3920,3930,3950,3970,4000,4010,4020,4010,4030,4110,4160,4240,4340,4360,4450,4550,4490,4750,4670,4630
730,3240,3240,3240,3250,3260,3280,3290,3320,3320,3320,3320,3330,3350,3360,3360,3340,3330,3330,3340,3340,3330,3310,3330,3350,3350,3340,3340,3340,3340,3370,3380,3400,3410,3410,3420,3420,3430,3420,3440,3440,3450,3460,3480,3500,3520,3530,3550,3570,3580,3570,3580,3590,3610,3630,3650,3670,3670,3680,3680,3690,3710,3690,3710,3710,3710,3710,3730,3770,3780,3790,3810,3820,3830,3850,3830,3830,3830,3860,3880,3920,3920,3930,3950,3970,4000,4010,4020,4010,4030,4110,4160,4240,4340,4360,4450,4550,4490,4750,4670,4630,4650
731,3240,3240,3250,3260,3280,3290,3320,3320,3320,3320,3330,3350,3360,3360,3340,3330,3330,3340,3340,3330,3310,3330,3350,3350,3340,3340,3340,3340,3370,3380,3400,3410,3410,3420,3420,3430,3420,3440,3440,3450,3460,3480,3500,3520,3530,3550,3570,3580,3570,3580,3590,3610,3630,3650,3670,3670,3680,3680,3690,3710,3690,3710,3710,3710,3710,3730,3770,3780,3790,3810,3820,3830,3850,3830,3830,3830,3860,3880,3920,3920,3930,3950,3970,4000,4010,4020,4010,4030,4110,4160,4240,4340,4360,4450,4550,4490,4750,4670,4630,4650,4740
732,3240,3250,3260,3280,3290,3320,3320,3320,3320,3330,3350,3360,3360,3340,3330,3330,3340,3340,3330,3310,3330,3350,3350,3340,3340,3340,3340,3370,3380,3400,3410,3410,3420,3420,3430,3420,3440,3440,3450,3460,3480,3500,3520,3530,3550,3570,3580,3570,3580,3590,3610,3630,3650,3670,3670,3680,3680,3690,3710,3690,3710,3710,3710,3710,3730,3770,3780,3790,3810,3820,3830,3850,3830,3830,3830,3860,3880,3920,3920,3930,3950,3970,4000,4010,4020,4010,4030,4110,4160,4240,4340,4360,4450,4550,4490,4750,4670,4630,4650,4740,4900
733,3250,3260,3280,3290,3320,3320,3320,3320,3330,3350,3360,3360,3340,3330,3330,3340,3340,3330,3310,3330,3350,3350,3340,3340,3340,3340,3370,3380,3400,3410,3410,3420,3420,3430,3420,3440,3440,3450,3460,3480,3500,3520,3530,3550,3570,3580,3570,3580,3590,3610,3630,3650,3670,3670,3680,3680,3690,3710,3690,3710,3710,3710,3710,3730,3770,3780,3790,3810,3820,3830,3850,3830,3830,3830,3860,3880,3920,3920,3930,3950,3970,4000,4010,4020,4010,4030,4110,4160,4240,4340,4360,4450,4550,4490,4750,4670,4630,4650,4740,4900,5000
734,3260,3280,3290,3320,3320,3320,3320,3330,3350,3360,3360,3340,3330,3330,3340,3340,3330,3310,3330,3350,3350,3340,3340,3340,3340,3370,3380,3400,3410,3410,3420,3420,3430,3420,3440,3440,3450,3460,3480,3500,3520,3530,3550,3570,3580,3570,3580,3590,3610,3630,3650,3670,3670,3680,3680,3690,3710,3690,3710,3710,3710,3710,3730,3770,3780,3790,3810,3820,3830,3850,3830,3830,3830,3860,3880,3920,3920,3930,3950,3970,4000,4010,4020,4010,4030,4110,4160,4240,4340,4360,4450,4550,4490,4750,4670,4630,4650,4740,4900,5000,5060
735,3280,3290,3320,3320,3320,3320,3330,3350,3360,3360,3340,3330,3330,3340,3340,3330,3310,3330,3350,3350,3340,3340,3340,3340,3370,3380,3400,3410,3410,3420,3420,3430,3420,3440,3440,3450,3460,3480,3500,3520,3530,3550,3570,3580,3570,3580,3590,3610,3630,3650,3670,3670,3680,3680,3690,3710,3690,3710,3710,3710,3710,3730,3770,3780,3790,3810,3820,3830,3850,3830,3830,3830,3860,3880,3920,3920,3930,3950,3970,4000,4010,4020,4010,4030,4110,4160,4240,4340,4360,4450,4550,4490,4750,4670,4630,4650,4740,4900,5000,5060,5100
736,3290,3320,3320,3320,3320,3330,3350,3360,3360,3340,3330,3330,3340,3340,3330,3310,3330,3350,3350,3340,3340,3340,3340,3370,3380,3400,3410,3410,3420,3420,3430,3420,3440,3440,3450,3460,3480,3500,3520,3530,3550,3570,3580,3570,3580,3590,3610,3630,3650,3670,3670,3680,3680,3690,3710,3690,3710,3710,3710,3710,3730,3770,3780,3790,3810,3820,3830,3850,3830,3830,3830,3860,3880,3920,3920,3930,3950,3970,4000,4010,4020,4010,4030,4110,4160,4240,4340,4360,4450,4550,4490,4750,4670,4630,4650,4740,4900,5000,5060,5100,5180
737,3320,3320,3320,3320,3330,3350,3360,3360,3340,3330,3330,3340,3340,3330,3310,3330,3350,3350,3340,3340,3340,3340,3370,3380,3400,3410,3410,3420,3420,3430,3420,3440,3440,3450,3460,3480,3500,3520,3530,3550,3570,3580,3570,3580,3590,3610,3630,3650,3670,3670,3680,3680,3690,3710,3690,3710,3710,3710,3710,3730,3770,3780,3790,3810,3820,3830,3850,3830,3830,3830,3860,3880,3920,3920,3930,3950,3970,4000,4010,4020,4010,4030,4110,4160,4240,4340,4360,4450,4550,4490,4750,4670,4630,4650,4740,4900,5000,5060,5100,5180,5200
738,3320,3320,3320,3330,3350,3360,3360,3340,3330,3330,3340,3340,3330,3310,3330,3350,3350,3340,3340,3340,3340,3370,3380,3400,3410,3410,3420,3420,3430,3420,3440,3440,3450,3460,3480,3500,3520,3530,3550,3570,3580,3570,3580,3590,3610,3630,3650,3670,3670,3680,3680,3690,3710,3690,3710,3710,3710,3710,3730,3770,3780,3790,3810,3820,3830,3850,3830,3830,3830,3860,3880,3920,3920,3930,3950,3970,4000,4010,4020,4010,4030,4110,4160,4240,4340,4360,4450,4550,4490,4750,4670,4630,4650,4740,4900,5000,5060,5100,5180,5200,5400
739,3320,3320,3330,3350,3360,3360,3340,3330,3330,3340,3340,3330,3310,3330,3350,3350,3340,3340,3340,3340,3370,3380,3400,3410,3410,3420,3420,3430,3420,3440,3440,3450,3460,3480,3500,3520,3530,3550,3570,3580,3570,3580,3590,3610,3630,3650,3670,3670,3680,3680,3690,3710,3690,3710,3710,3710,3710,3730,3770,3780,3790,3810,3820,3830,3850,3830,3830,3830,3860,3880,3920,3920,3930,3950,3970,4000,4010,4020,4010,4030,4110,4160,4240,4340,4360,4450,4550,4490,4750,4670,4630,4650,4740,4900,5000,5060,5100,5180,5200,5400,5590
740,3320,3330,3350,3360,3360,3340,3330,3330,3340,3340,3330,3310,3330,3350,3350,3340,3340,3340,3340,3370,3380,3400,3410,3410,3420,3420,3430,3420,3440,3440,3450,3460,3480,3500,3520,3530,3550,3570,3580,3570,3580,3590,3610,3630,3650,3670,3670,3680,3680,3690,3710,3690,3710,3710,3710,3710,3730,3770,3780,3790,3810,3820,3830,3850,3830,3830,3830,3860,3880,3920,3920,3930,3950,3970,4000,4010,4020,4010,4030,4110,4160,4240,4340,4360,4450,4550,4490,4750,4670,4630,4650,4740,4900,5000,5060,5100,5180,5200,5400,5590,5590
741,3330,3350,3360,3360,3340,3330,3330,3340,3340,3330,3310,3330,3350,3350,3340,3340,3340,3340,3370,3380,3400,3410,3410,3420,3420,3430,3420,3440,3440,3450,3460,3480,3500,3520,3530,3550,3570,3580,3570,3580,3590,3610,3630,3650,3670,3670,3680,3680,3690,3710,3690,3710,3710,3710,3710,3730,3770,3780,3790,3810,3820,3830,3850,3830,3830,3830,3860,3880,3920,3920,3930,3950,3970,4000,4010,4020,4010,4030,4110,4160,4240,4340,4360,4450,4550,4490,4750,4670,4630,4650,4740,4900,5000,5060,5100,5180,5200,5400,5590,5590,5690
742,3350,3360,3360,3340,3330,3330,3340,3340,3330,3310,3330,3350,3350,3340,3340,3340,3340,3370,3380,3400,3410,3410,3420,3420,3430,3420,3440,3440,3450,3460,3480,3500,3520,3530,3550,3570,3580,3570,3580,3590,3610,3630,3650,3670,3670,3680,3680,3690,3710,3690,3710,3710,3710,3710,3730,3770,3780,3790,3810,3820,3830,3850,3830,3830,3830,3860,3880,3920,3920,3930,3950,3970,4000,4010,4020,4010,4030,4110,4160,4240,4340,4360,4450,4550,4490,4750,4670,4630,4650,4740,4900,5000,5060,5100,5180,5200,5400,5590,5590,5690,5740
743,3360,3360,3340,3330,3330,3340,3340,3330,3310,3330,3350,3350,3340,3340,3340,3340,3370,3380,3400,3410,3410,3420,3420,3430,3420,3440,3440,3450,3460,3480,3500,3520,3530,3550,3570,3580,3570,3580,3590,3610,3630,3650,3670,3670,3680,3680,3690,3710,3690,3710,3710,3710,3710,3730,3770,3780,3790,3810,3820,3830,3850,3830,3830,3830,3860,3880,3920,3920,3930,3950,3970,4000,4010,4020,4010,4030,4110,4160,4240,4340,4360,4450,4550,4490,4750,4670,4630,4650,4740,4900,5000,5060,5100,5180,5200,5400,5590,5590,5690,5740,5730
744,3360,3340,3330,3330,3340,3340,3330,3310,3330,3350,3350,3340,3340,3340,3340,3370,3380,3400,3410,3410,3420,3420,3430,3420,3440,3440,3450,3460,3480,3500,3520,3530,3550,3570,3580,3570,3580,3590,3610,3630,3650,3670,3670,3680,3680,3690,3710,3690,3710,3710,3710,3710,3730,3770,3780,3790,3810,3820,3830,3850,3830,3830,3830,3860,3880,3920,3920,3930,3950,3970,4000,4010,4020,4010,4030,4110,4160,4240,4340,4360,4450,4550,4490,4750,4670,4630,4650,4740,4900,5000,5060,5100,5180,5200,5400,5590,5590,5690,5740,5730,5740
745,3340,3330,3330,3340,3340,3330,3310,3330,3350,3350,3340,3340,3340,3340,3370,3380,3400,3410,3410,3420,3420,3430,3420,3440,3440,3450,3460,3480,3500,3520,3530,3550,3570,3580,3570,3580,3590,3610,3630,3650,3670,3670,3680,3680,3690,3710,3690,3710,3710,3710,3710,3730,3770,3780,3790,3810,3820,3830,3850,3830,3830,3830,3860,3880,3920,3920,3930,3950,3970,4000,4010,4020,4010,4030,4110,4160,4240,4340,4360,4450,4550,4490,4750,4670,4630,4650,4740,4900,5000,5060,5100,5180,5200,5400,5590,5590,5690,5740,5730,5740,5720
746,3330,3330,3340,3340,3330,3310,3330,3350,3350,3340,3340,3340,3340,3370,3380,3400,3410,3410,3420,3420,3430,3420,3440,3440,3450,3460,3480,3500,3520,3530,3550,3570,3580,3570,3580,3590,3610,3630,3650,3670,3670,3680,3680,3690,3710,3690,3710,3710,3710,3710,3730,3770,3780,3790,3810,3820,3830,3850,3830,3830,3830,3860,3880,3920,3920,3930,3950,3970,4000,4010,4020,4010,4030,4110,4160,4240,4340,4360,4450,4550,4490,4750,4670,4630,4650,4740,4900,5000,5060,5100,5180,5200,5400,5590,5590,5690,5740,5730,5740,5720,5690
747,3330,3340,3340,3330,3310,3330,3350,3350,3340,3340,3340,3340,3370,3380,3400,3410,3410,3420,3420,3430,3420,3440,3440,3450,3460,3480,3500,3520,3530,3550,3570,3580,3570,3580,3590,3610,3630,3650,3670,3670,3680,3680,3690,3710,3690,3710,3710,3710,3710,3730,3770,3780,3790,3810,3820,3830,3850,3830,3830,3830,3860,3880,3920,3920,3930,3950,3970,4000,4010,4020,4010,4030,4110,4160,4240,4340,4360,4450,4550,4490,4750,4670,4630,4650,4740,4900,5000,5060,5100,5180,5200,5400,5590,5590,5690,5740,5730,5740,5720,5690,5750
748,3340,3340,3330,3310,3330,3350,3350,3340,3340,3340,3340,3370,3380,3400,3410,3410,3420,3420,3430,3420,3440,3440,3450,3460,3480,3500,3520,3530,3550,3570,3580,3570,3580,3590,3610,3630,3650,3670,3670,3680,3680,3690,3710,3690,3710,3710,3710,3710,3730,3770,3780,3790,3810,3820,3830,3850,3830,3830,3830,3860,3880,3920,3920,3930,3950,3970,4000,4010,4020,4010,4030,4110,4160,4240,4340,4360,4450,4550,4490,4750,4670,4630,4650,4740,4900,5000,5060,5100,5180,5200,5400,5590,5590,5690,5740,5730,5740,5720,5690,5750,5790
749,3340,3330,3310,3330,3350,3350,3340,3340,3340,3340,3370,3380,3400,3410,3410,3420,3420,3430,3420,3440,3440,3450,3460,3480,3500,3520,3530,3550,3570,3580,3570,3580,3590,3610,3630,3650,3670,3670,3680,3680,3690,3710,3690,3710,3710,3710,3710,3730,3770,3780,3790,3810,3820,3830,3850,3830,3830,3830,3860,3880,3920,3920,3930,3950,3970,4000,4010,4020,4010,4030,4110,4160,4240,4340,4360,4450,4550,4490,4750,4670,4630,4650,4740,4900,5000,5060,5100,5180,5200,5400,5590,5590,5690,5740,5730,5740,5720,5690,5750,5790,5800
750,3330,3310,3330,3350,3350,3340,3340,3340,3340,3370,3380,3400,3410,3410,3420,3420,3430,3420,3440,3440,3450,3460,3480,3500,3520,3530,3550,3570,3580,3570,3580,3590,3610,3630,3650,3670,3670,3680,3680,3690,3710,3690,3710,3710,3710,3710,3730,3770,3780,3790,3810,3820,3830,3850,3830,3830,3830,3860,3880,3920,3920,3930,3950,3970,4000,4010,4020,4010,4030,4110,4160,4240,4340,4360,4450,4550,4490,4750,4670,4630,4650,4740,4900,5000,5060,5100,5180,5200,5400,5590,5590,5690,5740,5730,5740,5720,5690,5750,5790,5800,5870
751,3310,3330,3350,3350,3340,3340,3340,3340,3370,3380,3400,3410,3410,3420,3420,3430,3420,3440,3440,3450,3460,3480,3500,3520,3530,3550,3570,3580,3570,3580,3590,3610,3630,3650,3670,3670,3680,3680,3690,3710,3690,3710,3710,3710,3710,3730,3770,3780,3790,3810,3820,3830,3850,3830,3830,3830,3860,3880,3920,3920,3930,3950,3970,4000,4010,4020,4010,4030,4110,4160,4240,4340,4360,4450,4550,4490,4750,4670,4630,4650,4740,4900,5000,5060,5100,5180,5200,5400,5590,5590,5690,5740,5730,5740,5720,5690,5750,5790,5800,5870,5900
752,3330,3350,3350,3340,3340,3340,3340,3370,3380,3400,3410,3410,3420,3420,3430,3420,3440,3440,3450,3460,3480,3500,3520,3530,3550,3570,3580,3570,3580,3590,3610,3630,3650,3670,3670,3680,3680,3690,3710,3690,3710,3710,3710,3710,3730,3770,3780,3790,3810,3820,3830,3850,3830,3830,3830,3860,3880,3920,3920,3930,3950,3970,4000,4010,4020,4010,4030,4110,4160,4240,4340,4360,4450,4550,4490,4750,4670,4630,4650,4740,4900,5000,5060,5100,5180,5200,5400,5590,5590,5690,5740,5730,5740,5720,5690,5750,5790,5800,5870,5900,5940
753,3350,3350,3340,3340,3340,3340,3370,3380,3400,3410,3410,3420,3420,3430,3420,3440,3440,3450,3460,3480,3500,3520,3530,3550,3570,3580,3570,3580,3590,3610,3630,3650,3670,3670,3680,3680,3690,3710,3690,3710,3710,3710,3710,3730,3770,3780,3790,3810,3820,3830,3850,3830,3830,3830,3860,3880,3920,3920,3930,3950,3970,4000,4010,4020,4010,4030,4110,4160,4240,4340,4360,4450,4550,4490,4750,4670,4630,4650,4740,4900,5000,5060,5100,5180,5200,5400,5590,5590,5690,5740,5730,5740,5720,5690,5750,5790,5800,5870,5900,5940,5980
754,3350,3340,3340,3340,3340,3370,3380,3400,3410,3410,3420,3420,3430,3420,3440,3440,3450,3460,3480,3500,3520,3530,3550,3570,3580,3570,3580,3590,3610,3630,3650,3670,3670,3680,3680,3690,3710,3690,3710,3710,3710,3710,3730,3770,3780,3790,3810,3820,3830,3850,3830,3830,3830,3860,3880,3920,3920,3930,3950,3970,4000,4010,4020,4010,4030,4110,4160,4240,4340,4360,4450,4550,4490,4750,4670,4630,4650,4740,4900,5000,5060,5100,5180,5200,5400,5590,5590,5690,5740,5730,5740,5720,5690,5750,5790,5800,5870,5900,5940,5980,5950
755,3340,3340,3340,3340,3370,3380,3400,3410,3410,3420,3420,3430,3420,3440,3440,3450,3460,3480,3500,3520,3530,3550,3570,3580,3570,3580,3590,3610,3630,3650,3670,3670,3680,3680,3690,3710,3690,3710,3710,3710,3710,3730,3770,3780,3790,3810,3820,3830,3850,3830,3830,3830,3860,3880,3920,3920,3930,3950,3970,4000,4010,4020,4010,4030,4110,4160,4240,4340,4360,4450,4550,4490,4750,4670,4630,4650,4740,4900,5000,5060,5100,5180,5200,5400,5590,5590,5690,5740,5730,5740,5720,5690,5750,5790,5800,5870,5900,5940,5980,5950,5970
756,3340,3340,3340,3370,3380,3400,3410,3410,3420,3420,3430,3420,3440,3440,3450,3460,3480,3500,3520,3530,3550,3570,3580,3570,3580,3590,3610,3630,3650,3670,3670,3680,3680,3690,3710,3690,3710,3710,3710,3710,3730,3770,3780,3790,3810,3820,3830,3850,3830,3830,3830,3860,3880,3920,3920,3930,3950,3970,4000,4010,4020,4010,4030,4110,4160,4240,4340,4360,4450,4550,4490,4750,4670,4630,4650,4740,4900,5000,5060,5100,5180,5200,5400,5590,5590,5690,5740,5730,5740,5720,5690,5750,5790,5800,5870,5900,5940,5980,5950,5970,5990
757,3340,3340,3370,3380,3400,3410,3410,3420,3420,3430,3420,3440,3440,3450,3460,3480,3500,3520,3530,3550,3570,3580,3570,3580,3590,3610,3630,3650,3670,3670,3680,3680,3690,3710,3690,3710,3710,3710,3710,3730,3770,3780,3790,3810,3820,3830,3850,3830,3830,3830,3860,3880,3920,3920,3930,3950,3970,4000,4010,4020,4010,4030,4110,4160,4240,4340,4360,4450,4550,4490,4750,4670,4630,4650,4740,4900,5000,5060,5100,5180,5200,5400,5590,5590,5690,5740,5730,5740,5720,5690,5750,5790,5800,5870,5900,5940,5980,5950,5970,5990,5990
758,3340,3370,3380,3400,3410,3410,3420,3420,3430,3420,3440,3440,3450,3460,3480,3500,3520,3530,3550,3570,3580,3570,3580,3590,3610,3630,3650,3670,3670,3680,3680,3690,3710,3690,3710,3710,3710,3710,3730,3770,3780,3790,3810,3820,3830,3850,3830,3830,3830,3860,3880,3920,3920,3930,3950,3970,4000,4010,4020,4010,4030,4110,4160,4240,4340,4360,4450,4550,4490,4750,4670,4630,4650,4740,4900,5000,5060,5100,5180,5200,5400,5590,5590,5690,5740,5730,5740,5720,5690,5750,5790,5800,5870,5900,5940,5980,5950,5970,5990,5990,6000
759,3370,3380,3400,3410,3410,3420,3420,3430,3420,3440,3440,3450,3460,3480,3500,3520,3530,3550,3570,3580,3570,3580,3590,3610,3630,3650,3670,3670,3680,3680,3690,3710,3690,3710,3710,3710,3710,3730,3770,3780,3790,3810,3820,3830,3850,3830,3830,3830,3860,3880,3920,3920,3930,3950,3970,4000,4010,4020,4010,4030,4110,4160,4240,4340,4360,4450,4550,4490,4750,4670,4630,4650,4740,4900,5000,5060,5100,5180,5200,5400,5590,5590,5690,5740,5730,5740,5720,5690,5750,5790,5800,5870,5900,5940,5980,5950,5970,5990,5990,6000,6060
760,3380,3400,3410,3410,3420,3420,3430,3420,3440,3440,3450,3460,3480,3500,3520,3530,3550,3570,3580,3570,3580,3590,3610,3630,3650,3670,3670,3680,3680,3690,3710,3690,3710,3710,3710,3710,3730,3770,3780,3790,3810,3820,3830,3850,3830,3830,3830,3860,3880,3920,3920,3930,3950,3970,4000,4010,4020,4010,4030,4110,4160,4240,4340,4360,4450,4550,4490,4750,4670,4630,4650,4740,4900,5000,5060,5100,5180,5200,5400,5590,5590,5690,5740,5730,5740,5720,5690,5750,5790,5800,5870,5900,5940,5980,5950,5970,5990,5990,6000,6060,6080
761,3400,3410,3410,3420,3420,3430,3420,3440,3440,3450,3460,3480,3500,3520,3530,3550,3570,3580,3570,3580,3590,3610,3630,3650,3670,3670,3680,3680,3690,3710,3690,3710,3710,3710,3710,3730,3770,3780,3790,3810,3820,3830,3850,3830,3830,3830,3860,3880,3920,3920,3930,3950,3970,4000,4010,4020,4010,4030,4110,4160,4240,4340,4360,4450,4550,4490,4750,4670,4630,4650,4740,4900,5000,5060,5100,5180,5200,5400,5590,5590,5690,5740,5730,5740,5720,5690,5750,5790,5800,5870,5900,5940,5980,5950,5970,5990,5990,6000,6060,6080,6120
762,3410,3410,3420,3420,3430,3420,3440,3440,3450,3460,3480,3500,3520,3530,3550,3570,3580,3570,3580,3590,3610,3630,3650,3670,3670,3680,3680,3690,3710,3690,3710,3710,3710,3710,3730,3770,3780,3790,3810,3820,3830,3850,3830,3830,3830,3860,3880,3920,3920,3930,3950,3970,4000,4010,4020,4010,4030,4110,4160,4240,4340,4360,4450,4550,4490,4750,4670,4630,4650,4740,4900,5000,5060,5100,5180,5200,5400,5590,5590,5690,5740,5730,5740,5720,5690,5750,5790,5800,5870,5900,5940,5980,5950,5970,5990,5990,6000,6060,6080,6120,6160
763,3410,3420,3420,3430,3420,3440,3440,3450,3460,3480,3500,3520,3530,3550,3570,3580,3570,3580,3590,3610,3630,3650,3670,3670,3680,3680,3690,3710,3690,3710,3710,3710,3710,3730,3770,3780,3790,3810,3820,3830,3850,3830,3830,3830,3860,3880,3920,3920,3930,3950,3970,4000,4010,4020,4010,4030,4110,4160,4240,4340,4360,4450,4550,4490,4750,4670,4630,4650,4740,4900,5000,5060,5100,5180,5200,5400,5590,5590,5690,5740,5730,5740,5720,5690,5750,5790,5800,5870,5900,5940,5980,5950,5970,5990,5990,6000,6060,6080,6120,6160,6140
764,3420,3420,3430,3420,3440,3440,3450,3460,3480,3500,3520,3530,3550,3570,3580,3570,3580,3590,3610,3630,3650,3670,3670,3680,3680,3690,3710,3690,3710,3710,3710,3710,3730,3770,3780,3790,3810,3820,3830,3850,3830,3830,3830,3860,3880,3920,3920,3930,3950,3970,4000,4010,4020,4010,4030,4110,4160,4240,4340,4360,4450,4550,4490,4750,4670,4630,4650,4740,4900,5000,5060,5100,5180,5200,5400,5590,5590,5690,5740,5730,5740,5720,5690,5750,5790,5800,5870,5900,5940,5980,5950,5970,5990,5990,6000,6060,6080,6120,6160,6140,6180
765,3420,3430,3420,3440,3440,3450,3460,3480,3500,3520,3530,3550,3570,3580,3570,3580,3590,3610,3630,3650,3670,3670,3680,3680,3690,3710,3690,3710,3710,3710,3710,3730,3770,3780,3790,3810,3820,3830,3850,3830,3830,3830,3860,3880,3920,3920,3930,3950,3970,4000,4010,4020,4010,4030,4110,4160,4240,4340,4360,4450,4550,4490,4750,4670,4630,4650,4740,4900,5000,5060,5100,5180,5200,5400,5590,5590,5690,5740,5730,5740,5720,5690,5750,5790,5800,5870,5900,5940,5980,5950,5970,5990,5990,6000,6060,6080,6120,6160,6140,6180,6190
766,3430,3420,3440,3440,3450,3460,3480,3500,3520,3530,3550,3570,3580,3570,3580,3590,3610,3630,3650,3670,3670,3680,3680,3690,3710,3690,3710,3710,3710,3710,3730,3770,3780,3790,3810,3820,3830,3850,3830,3830,3830,3860,3880,3920,3920,3930,3950,3970,4000,4010,4020,4010,4030,4110,4160,4240,4340,4360,4450,4550,4490,4750,4670,4630,4650,4740,4900,5000,5060,5100,5180,5200,5400,5590,5590,5690,5740,5730,5740,5720,5690,5750,5790,5800,5870,5900,5940,5980,5950,5970,5990,5990,6000,6060,6080,6120,6160,6140,6180,6190,6200
767,3420,3440,3440,3450,3460,3480,3500,3520,3530,3550,3570,3580,3570,3580,3590,3610,3630,3650,3670,3670,3680,3680,3690,3710,3690,3710,3710,3710,3710,3730,3770,3780,3790,3810,3820,3830,3850,3830,3830,3830,3860,3880,3920,3920,3930,3950,3970,4000,4010,4020,4010,4030,4110,4160,4240,4340,4360,4450,4550,4490,4750,4670,4630,4650,4740,4900,5000,5060,5100,5180,5200,5400,5590,5590,5690,5740,5730,5740,5720,5690,5750,5790,5800,5870,5900,5940,5980,5950,5970,5990,5990,6000,6060,6080,6120,6160,6140,6180,6190,6200,6250
768,3440,3440,3450,3460,3480,3500,3520,3530,3550,3570,3580,3570,3580,3590,3610,3630,3650,3670,3670,3680,3680,3690,3710,3690,3710,3710,3710,3710,3730,3770,3780,3790,3810,3820,3830,3850,3830,3830,3830,3860,3880,3920,3920,3930,3950,3970,4000,4010,4020,4010,4030,4110,4160,4240,4340,4360,4450,4550,4490,4750,4670,4630,4650,4740,4900,5000,5060,5100,5180,5200,5400,5590,5590,5690,5740,5730,5740,5720,5690,5750,5790,5800,5870,5900,5940,5980,5950,5970,5990,5990,6000,6060,6080,6120,6160,6140,6180,6190,6200,6250,6280
769,3440,3450,3460,3480,3500,3520,3530,3550,3570,3580,3570,3580,3590,3610,3630,3650,3670,3670,3680,3680,3690,3710,3690,3710,3710,3710,3710,3730,3770,3780,3790,3810,3820,3830,3850,3830,3830,3830,3860,3880,3920,3920,3930,3950,3970,4000,4010,4020,4010,4030,4110,4160,4240,4340,4360,4450,4550,4490,4750,4670,4630,4650,4740,4900,5000,5060,5100,5180,5200,5400,5590,5590,5690,5740,5730,5740,5720,5690,5750,5790,5800,5870,5900,5940,5980,5950,5970,5990,5990,6000,6060,6080,6120,6160,6140,6180,6190,6200,6250,6280,6350
770,3450,3460,3480,3500,3520,3530,3550,3570,3580,3570,3580,3590,3610,3630,3650,3670,3670,3680,3680,3690,3710,3690,3710,3710,3710,3710,3730,3770,3780,3790,3810,3820,3830,3850,3830,3830,3830,3860,3880,3920,3920,3930,3950,3970,4000,4010,4020,4010,4030,4110,4160,4240,4340,4360,4450,4550,4490,4750,4670,4630,4650,4740,4900,5000,5060,5100,5180,5200,5400,5590,5590,5690,5740,5730,5740,5720,5690,5750,5790,5800,5870,5900,5940,5980,5950,5970,5990,5990,6000,6060,6080,6120,6160,6140,6180,6190,6200,6250,6280,6350,6410
771,3460,3480,3500,3520,3530,3550,3570,3580,3570,3580,3590,3610,3630,3650,3670,3670,3680,3680,3690,3710,3690,3710,3710,3710,3710,3730,3770,3780,3790,3810,3820,3830,3850,3830,3830,3830,3860,3880,3920,3920,3930,3950,3970,4000,4010,4020,4010,4030,4110,4160,4240,4340,4360,4450,4550,4490,4750,4670,4630,4650,4740,4900,5000,5060,5100,5180,5200,5400,5590,5590,5690,5740,5730,5740,5720,5690,5750,5790,5800,5870,5900,5940,5980,5950,5970,5990,5990,6000,6060,6080,6120,6160,6140,6180,6190,6200,6250,6280,6350,6410,6490
772,3480,3500,3520,3530,3550,3570,3580,3570,3580,3590,3610,3630,3650,3670,3670,3680,3680,3690,3710,3690,3710,3710,3710,3710,3730,3770,3780,3790,3810,3820,3830,3850,3830,3830,3830,3860,3880,3920,3920,3930,3950,3970,4000,4010,4020,4010,4030,4110,4160,4240,4340,4360,4450,4550,4490,4750,4670,4630,4650,4740,4900,5000,5060,5100,5180,5200,5400,5590,5590,5690,5740,5730,5740,5720,5690,5750,5790,5800,5870,5900,5940,5980,5950,5970,5990,5990,6000,6060,6080,6120,6160,6140,6180,6190,6200,6250,6280,6350,6410,6490,6520
773,3500,3520,3530,3550,3570,3580,3570,3580,3590,3610,3630,3650,3670,3670,3680,3680,3690,3710,3690,3710,3710,3710,3710,3730,3770,3780,3790,3810,3820,3830,3850,3830,3830,3830,3860,3880,3920,3920,3930,3950,3970,4000,4010,4020,4010,4030,4110,4160,4240,4340,4360,4450,4550,4490,4750,4670,4630,4650,4740,4900,5000,5060,5100,5180,5200,5400,5590,5590,5690,5740,5730,5740,5720,5690,5750,5790,5800,5870,5900,5940,5980,5950,5970,5990,5990,6000,6060,6080,6120,6160,6140,6180,6190,6200,6250,6280,6350,6410,6490,6520,6500
774,3520,3530,3550,3570,3580,3570,3580,3590,3610,3630,3650,3670,3670,3680,3680,3690,3710,3690,3710,3710,3710,3710,3730,3770,3780,3790,3810,3820,3830,3850,3830,3830,3830,3860,3880,3920,3920,3930,3950,3970,4000,4010,4020,4010,4030,4110,4160,4240,4340,4360,4450,4550,4490,4750,4670,4630,4650,4740,4900,5000,5060,5100,5180,5200,5400,5590,5590,5690,5740,5730,5740,5720,5690,5750,5790,5800,5870,5900,5940,5980,5950,5970,5990,5990,6000,6060,6080,6120,6160,6140,6180,6190,6200,6250,6280,6350,6410,6490,6520,6500,6510
775,3530,3550,3570,3580,3570,3580,3590,3610,3630,3650,3670,3670,3680,3680,3690,3710,3690,3710,3710,3710,3710,3730,3770,3780,3790,3810,3820,3830,3850,3830,3830,3830,3860,3880,3920,3920,3930,3950,3970,4000,4010,4020,4010,4030,4110,4160,4240,4340,4360,4450,4550,4490,4750,4670,4630,4650,4740,4900,5000,5060,5100,5180,5200,5400,5590,5590,5690,5740,5730,5740,5720,5690,5750,5790,5800,5870,5900,5940,5980,5950,5970,5990,5990,6000,6060,6080,6120,6160,6140,6180,6190,6200,6250,6280,6350,6410,6490,6520,6500,6510,6500
776,3550,3570,3580,3570,3580,3590,3610,3630,3650,3670,3670,3680,3680,3690,3710,3690,3710,3710,3710,3710,3730,3770,3780,3790,3810,3820,3830,3850,3830,3830,3830,3860,3880,3920,3920,3930,3950,3970,4000,4010,4020,4010,4030,4110,4160,4240,4340,4360,4450,4550,4490,4750,4670,4630,4650,4740,4900,5000,5060,5100,5180,5200,5400,5590,5590,5690,5740,5730,5740,5720,5690,5750,5790,5800,5870,5900,5940,5980,5950,5970,5990,5990,6000,6060,6080,6120,6160,6140,6180,6190,6200,6250,6280,6350,6410,6490,6520,6500,6510,6500,6530
777,3570,3580,3570,3580,3590,3610,3630,3650,3670,3670,3680,3680,3690,3710,3690,3710,3710,3710,3710,3730,3770,3780,3790,3810,3820,3830,3850,3830,3830,3830,3860,3880,3920,3920,3930,3950,3970,4000,4010,4020,4010,4030,4110,4160,4240,4340,4360,4450,4550,4490,4750,4670,4630,4650,4740,4900,5000,5060,5100,5180,5200,5400,5590,5590,5690,5740,5730,5740,5720,5690,5750,5790,5800,5870,5900,5940,5980,5950,5970,5990,5990,6000,6060,6080,6120,6160,6140,6180,6190,6200,6250,6280,6350,6410,6490,6520,6500,6510,6500,6530,6560
778,3580,3570,3580,3590,3610,3630,3650,3670,3670,3680,3680,3690,3710,3690,3710,3710,3710,3710,3730,3770,3780,3790,3810,3820,3830,3850,3830,3830,3830,3860,3880,3920,3920,3930,3950,3970,4000,4010,4020,4010,4030,4110,4160,4240,4340,4360,4450,4550,4490,4750,4670,4630,4650,4740,4900,5000,5060,5100,5180,5200,5400,5590,5590,5690,5740,5730,5740,5720,5690,5750,5790,5800,5870,5900,5940,5980,5950,5970,5990,5990,6000,6060,6080,6120,6160,6140,6180,6190,6200,6250,6280,6350,6410,6490,6520,6500,6510,6500,6530,6560,6580
779,3570,3580,3590,3610,3630,3650,3670,3670,3680,3680,3690,3710,3690,3710,3710,3710,3710,3730,3770,3780,3790,3810,3820,3830,3850,3830,3830,3830,3860,3880,3920,3920,3930,3950,3970,4000,4010,4020,4010,4030,4110,4160,4240,4340,4360,4450,4550,4490,4750,4670,4630,4650,4740,4900,5000,5060,5100,5180,5200,5400,5590,5590,5690,5740,5730,5740,5720,5690,5750,5790,5800,5870,5900,5940,5980,5950,5970,5990,5990,6000,6060,6080,6120,6160,6140,6180,6190,6200,6250,6280,6350,6410,6490,6520,6500,6510,6500,6530,6560,6580,6620
780,3580,3590,3610,3630,3650,3670,3670,3680,3680,3690,3710,3690,3710,3710,3710,3710,3730,3770,3780,3790,3810,3820,3830,3850,3830,3830,3830,3860,3880,3920,3920,3930,3950,3970,4000,4010,4020,4010,4030,4110,4160,4240,4340,4360,4450,4550,4490,4750,4670,4630,4650,4740,4900,5000,5060,5100,5180,5200,5400,5590,5590,5690,5740,5730,5740,5720,5690,5750,5790,5800,5870,5900,5940,5980,5950,5970,5990,5990,6000,6060,6080,6120,6160,6140,6180,6190,6200,6250,6280,6350,6410,6490,6520,6500,6510,6500,6530,6560,6580,6620,6680
781,3590,3610,3630,3650,3670,3670,3680,3680,3690,3710,3690,3710,3710,3710,3710,3730,3770,3780,3790,3810,3820,3830,3850,3830,3830,3830,3860,3880,3920,3920,3930,3950,3970,4000,4010,4020,4010,4030,4110,4160,4240,4340,4360,4450,4550,4490,4750,4670,4630,4650,4740,4900,5000,5060,5100,5180,5200,5400,5590,5590,5690,5740,5730,5740,5720,5690,5750,5790,5800,5870,5900,5940,5980,5950,5970,5990,5990,6000,6060,6080,6120,6160,6140,6180,6190,6200,6250,6280,6350,6410,6490,6520,6500,6510,6500,6530,6560,6580,6620,6680,6750
782,3610,3630,3650,3670,3670,3680,3680,3690,3710,3690,3710,3710,3710,3710,3730,3770,3780,3790,3810,3820,3830,3850,3830,3830,3830,3860,3880,3920,3920,3930,3950,3970,4000,4010,4020,4010,4030,4110,4160,4240,4340,4360,4450,4550,4490,4750,4670,4630,4650,4740,4900,5000,5060,5100,5180,5200,5400,5590,5590,5690,5740,5730,5740,5720,5690,5750,5790,5800,5870,5900,5940,5980,5950,5970,5990,5990,6000,6060,6080,6120,6160,6140,6180,6190,6200,6250,6280,6350,6410,6490,6520,6500,6510,6500,6530,6560,6580,6620,6680,6750,6810
783,3630,3650,3670,3670,3680,3680,3690,3710,3690,3710,3710,3710,3710,3730,3770,3780,3790,3810,3820,3830,3850,3830,3830,3830,3860,3880,3920,3920,3930,3950,3970,4000,4010,4020,4010,4030,4110,4160,4240,4340,4360,4450,4550,4490,4750,4670,4630,4650,4740,4900,5000,5060,5100,5180,5200,5400,5590,5590,5690,5740,5730,5740,5720,5690,5750,5790,5800,5870,5900,5940,5980,5950,5970,5990,5990,6000,6060,6080,6120,6160,6140,6180,6190,6200,6250,6280,6350,6410,6490,6520,6500,6510,6500,6530,6560,6580,6620,6680,6750,6810,6900
784,3650,3670,3670,3680,3680,3690,3710,3690,3710,3710,3710,3710,3730,3770,3780,3790,3810,3820,3830,3850,3830,3830,3830,3860,3880,3920,3920,3930,3950,3970,4000,4010,4020,4010,4030,4110,4160,4240,4340,4360,4450,4550,4490,4750,4670,4630,4650,4740,4900,5000,5060,5100,5180,5200,5400,5590,5590,5690,5740,5730,5740,5720,5690,5750,5790,5800,5870,5900,5940,5980,5950,5970,5990,5990,6000,6060,6080,6120,6160,6140,6180,6190,6200,6250,6280,6350,6410,6490,6520,6500,6510,6500,6530,6560,6580,6620,6680,6750,6810,6900,6950
785,3670,3670,3680,3680,3690,3710,3690,3710,3710,3710,3710,3730,3770,3780,3790,3810,3820,3830,3850,3830,3830,3830,3860,3880,3920,3920,3930,3950,3970,4000,4010,4020,4010,4030,4110,4160,4240,4340,4360,4450,4550,4490,4750,4670,4630,4650,4740,4900,5000,5060,5100,5180,5200,5400,5590,5590,5690,5740,5730,5740,5720,5690,5750,5790,5800,5870,5900,5940,5980,5950,5970,5990,5990,6000,6060,6080,6120,6160,6140,6180,6190,6200,6250,6280,6350,6410,6490,6520,6500,6510,6500,6530,6560,6580,6620,6680,6750,6810,6900,6950,7000
786,3670,3680,3680,3690,3710,3690,3710,3710,3710,3710,3730,3770,3780,3790,3810,3820,3830,3850,3830,3830,3830,3860,3880,3920,3920,3930,3950,3970,4000,4010,4020,4010,4030,4110,4160,4240,4340,4360,4450,4550,4490,4750,4670,4630,4650,4740,4900,5000,5060,5100,5180,5200,5400,5590,5590,5690,5740,5730,5740,5720,5690,5750,5790,5800,5870,5900,5940,5980,5950,5970,5990,5990,6000,6060,6080,6120,6160,6140,6180,6190,6200,6250,6280,6350,6410,6490,6520,6500,6510,6500,6530,6560,6580,6620,6680,6750,6810,6900,6950,7000,7040
787,3680,3680,3690,3710,3690,3710,3710,3710,3710,3730,3770,3780,3790,3810,3820,3830,3850,3830,3830,3830,3860,3880,3920,3920,3930,3950,3970,4000,4010,4020,4010,4030,4110,4160,4240,4340,4360,4450,4550,4490,4750,4670,4630,4650,4740,4900,5000,5060,5100,5180,5200,5400,5590,5590,5690,5740,5730,5740,5720,5690,5750,5790,5800,5870,5900,5940,5980,5950,5970,5990,5990,6000,6060,6080,6120,6160,6140,6180,6190,6200,6250,6280,6350,6410,6490,6520,6500,6510,6500,6530,6560,6580,6620,6680,6750,6810,6900,6950,7000,7040,7040
788,3680,3690,3710,3690,3710,3710,3710,3710,3730,3770,3780,3790,3810,3820,3830,3850,3830,3830,3830,3860,3880,3920,3920,3930,3950,3970,4000,4010,4020,4010,4030,4110,4160,4240,4340,4360,4450,4550,4490,4750,4670,4630,4650,4740,4900,5000,5060,5100,5180,5200,5400,5590,5590,5690,5740,5730,5740,5720,5690,5750,5790,5800,5870,5900,5940,5980,5950,5970,5990,5990,6000,6060,6080,6120,6160,6140,6180,6190,6200,6250,6280,6350,6410,6490,6520,6500,6510,6500,6530,6560,6580,6620,6680,6750,6810,6900,6950,7000,7040,7040,7100
789,3690,3710,3690,3710,3710,3710,3710,3730,3770,3780,3790,3810,3820,3830,3850,3830,3830,3830,3860,3880,3920,3920,3930,3950,3970,4000,4010,4020,4010,4030,4110,4160,4240,4340,4360,4450,4550,4490,4750,4670,4630,4650,4740,4900,5000,5060,5100,5180,5200,5400,5590,5590,5690,5740,5730,5740,5720,5690,5750,5790,5800,5870,5900,5940,5980,5950,5970,5990,5990,6000,6060,6080,6120,6160,6140,6180,6190,6200,6250,6280,6350,6410,6490,6520,6500,6510,6500,6530,6560,6580,6620,6680,6750,6810,6900,6950,7000,7040,7040,7100,7180
790,3710,3690,3710,3710,3710,3710,3730,3770,3780,3790,3810,3820,3830,3850,3830,3830,3830,3860,3880,3920,3920,3930,3950,3970,4000,4010,4020,4010,4030,4110,4160,4240,4340,4360,4450,4550,4490,4750,4670,4630,4650,4740,4900,5000,5060,5100,5180,5200,5400,5590,5590,5690,5740,5730,5740,5720,5690,5750,5790,5800,5870,5900,5940,5980,5950,5970,5990,5990,6000,6060,6080,6120,6160,6140,6180,6190,6200,6250,6280,6350,6410,6490,6520,6500,6510,6500,6530,6560,6580,6620,6680,6750,6810,6900,6950,7000,7040,7040,7100,7180,7210
791,3690,3710,3710,3710,3710,3730,3770,3780,3790,3810,3820,3830,3850,3830,3830,3830,3860,3880,3920,3920,3930,3950,3970,4000,4010,4020,4010,4030,4110,4160,4240,4340,4360,4450,4550,4490,4750,4670,4630,4650,4740,4900,5000,5060,5100,5180,5200,5400,5590,5590,5690,5740,5730,5740,5720,5690,5750,5790,5800,5870,5900,5940,5980,5950,5970,5990,5990,6000,6060,6080,6120,6160,6140,6180,6190,6200,6250,6280,6350,6410,6490,6520,6500,6510,6500,6530,6560,6580,6620,6680,6750,6810,6900,6950,7000,7040,7040,7100,7180,7210,7270
792,3710,3710,3710,3710,3730,3770,3780,3790,3810,3820,3830,3850,3830,3830,3830,3860,3880,3920,3920,3930,3950,3970,4000,4010,4020,4010,4030,4110,4160,4240,4340,4360,4450,4550,4490,4750,4670,4630,4650,4740,4900,5000,5060,5100,5180,5200,5400,5590,5590,5690,5740,5730,5740,5720,5690,5750,5790,5800,5870,5900,5940,5980,5950,5970,5990,5990,6000,6060,6080,6120,6160,6140,6180,6190,6200,6250,6280,6350,6410,6490,6520,6500,6510,6500,6530,6560,6580,6620,6680,6750,6810,6900,6950,7000,7040,7040,7100,7180,7210,7270,7380
793,3710,3710,3710,3730,3770,3780,3790,3810,3820,3830,3850,3830,3830,3830,3860,3880,3920,3920,3930,3950,3970,4000,4010,4020,4010,4030,4110,4160,4240,4340,4360,4450,4550,4490,4750,4670,4630,4650,4740,4900,5000,5060,5100,5180,5200,5400,5590,5590,5690,5740,5730,5740,5720,5690,5750,5790,5800,5870,5900,5940,5980,5950,5970,5990,5990,6000,6060,6080,6120,6160,6140,6180,6190,6200,6250,6280,6350,6410,6490,6520,6500,6510,6500,6530,6560,6580,6620,6680,6750,6810,6900,6950,7000,7040,7040,7100,7180,7210,7270,7380,7490
794,3710,3710,3730,3770,3780,3790,3810,3820,3830,3850,3830,3830,3830,3860,3880,3920,3920,3930,3950,3970,4000,4010,4020,4010,4030,4110,4160,4240,4340,4360,4450,4550,4490,4750,4670,4630,4650,4740,4900,5000,5060,5100,5180,5200,5400,5590,5590,5690,5740,5730,5740,5720,5690,5750,5790,5800,5870,5900,5940,5980,5950,5970,5990,5990,6000,6060,6080,6120,6160,6140,6180,6190,6200,6250,6280,6350,6410,6490,6520,6500,6510,6500,6530,6560,6580,6620,6680,6750,6810,6900,6950,7000,7040,7040,7100,7180,7210,7270,7380,7490,7580
795,3710,3730,3770,3780,3790,3810,3820,3830,3850,3830,3830,3830,3860,3880,3920,3920,3930,3950,3970,4000,4010,4020,4010,4030,4110,4160,4240,4340,4360,4450,4550,4490,4750,4670,4630,4650,4740,4900,5000,5060,5100,5180,5200,5400,5590,5590,5690,5740,5730,5740,5720,5690,5750,5790,5800,5870,5900,5940,5980,5950,5970,5990,5990,6000,6060,6080,6120,6160,6140,6180,6190,6200,6250,6280,6350,6410,6490,6520,6500,6510,6500,6530,6560,6580,6620,6680,6750,6810,6900,6950,7000,7040,7040,7100,7180,7210,7270,7380,7490,7580,7690
796,3730,3770,3780,3790,3810,3820,3830,3850,3830,3830,3830,3860,3880,3920,3920,3930,3950,3970,4000,4010,4020,4010,4030,4110,4160,4240,4340,4360,4450,4550,4490,4750,4670,4630,4650,4740,4900,5000,5060,5100,5180,5200,5400,5590,5590,5690,5740,5730,5740,5720,5690,5750,5790,5800,5870,5900,5940,5980,5950,5970,5990,5990,6000,6060,6080,6120,6160,6140,6180,6190,6200,6250,6280,6350,6410,6490,6520,6500,6510,6500,6530,6560,6580,6620,6680,6750,6810,6900,6950,7000,7040,7040,7100,7180,7210,7270,7380,7490,7580,7690,7750
797,3770,3780,3790,3810,3820,3830,3850,3830,3830,3830,3860,3880,3920,3920,3930,3950,3970,4000,4010,4020,4010,4030,4110,4160,4240,4340,4360,4450,4550,4490,4750,4670,4630,4650,4740,4900,5000,5060,5100,5180,5200,5400,5590,5590,5690,5740,5730,5740,5720,5690,5750,5790,5800,5870,5900,5940,5980,5950,5970,5990,5990,6000,6060,6080,6120,6160,6140,6180,6190,6200,6250,6280,6350,6410,6490,6520,6500,6510,6500,6530,6560,6580,6620,6680,6750,6810,6900,6950,7000,7040,7040,7100,7180,7210,7270,7380,7490,7580,7690,7750,7800
798,3780,3790,3810,3820,3830,3850,3830,3830,3830,3860,3880,3920,3920,3930,3950,3970,4000,4010,4020,4010,4030,4110,4160,4240,4340,4360,4450,4550,4490,4750,4670,4630,4650,4740,4900,5000,5060,5100,5180,5200,5400,5590,5590,5690,5740,5730,5740,5720,5690,5750,5790,5800,5870,5900,5940,5980,5950,5970,5990,5990,6000,6060,6080,6120,6160,6140,6180,6190,6200,6250,6280,6350,6410,6490,6520,6500,6510,6500,6530,6560,6580,6620,6680,6750,6810,6900,6950,7000,7040,7040,7100,7180,7210,7270,7380,7490,7580,7690,7750,7800,7920
799,3790,3810,3820,3830,3850,3830,3830,3830,3860,3880,3920,3920,3930,3950,3970,4000,4010,4020,4010,4030,4110,4160,4240,4340,4360,4450,4550,4490,4750,4670,4630,4650,4740,4900,5000,5060,5100,5180,5200,5400,5590,5590,5690,5740,5730,5740,5720,5690,5750,5790,5800,5870,5900,5940,5980,5950,5970,5990,5990,6000,6060,6080,6120,6160,6140,6180,6190,6200,6250,6280,6350,6410,6490,6520,6500,6510,6500,6530,6560,6580,6620,6680,6750,6810,6900,6950,7000,7040,7040,7100,7180,7210,7270,7380,7490,7580,7690,7750,7800,7920,7960
800,3810,3820,3830,3850,3830,3830,3830,3860,3880,3920,3920,3930,3950,3970,4000,4010,4020,4010,4030,4110,4160,4240,4340,4360,4450,4550,4490,4750,4670,4630,4650,4740,4900,5000,5060,5100,5180,5200,5400,5590,5590,5690,5740,5730,5740,5720,5690,5750,5790,5800,5870,5900,5940,5980,5950,5970,5990,5990,6000,6060,6080,6120,6160,6140,6180,6190,6200,6250,6280,6350,6410,6490,6520,6500,6510,6500,6530,6560,6580,6620,6680,6750,6810,6900,6950,7000,7040,7040,7100,7180,7210,7270,7380,7490,7580,7690,7750,7800,7920,7960,8090
801,3820,3830,3850,3830,3830,3830,3860,3880,3920,3920,3930,3950,3970,4000,4010,4020,4010,4030,4110,4160,4240,4340,4360,4450,4550,4490,4750,4670,4630,4650,4740,4900,5000,5060,5100,5180,5200,5400,5590,5590,5690,5740,5730,5740,5720,5690,5750,5790,5800,5870,5900,5940,5980,5950,5970,5990,5990,6000,6060,6080,6120,6160,6140,6180,6190,6200,6250,6280,6350,6410,6490,6520,6500,6510,6500,6530,6560,6580,6620,6680,6750,6810,6900,6950,7000,7040,7040,7100,7180,7210,7270,7380,7490,7580,7690,7750,7800,7920,7960,8090,8210
802,3830,3850,3830,3830,3830,3860,3880,3920,3920,3930,3950,3970,4000,4010,4020,4010,4030,4110,4160,4240,4340,4360,4450,4550,4490,4750,4670,4630,4650,4740,4900,5000,5060,5100,5180,5200,5400,5590,5590,5690,5740,5730,5740,5720,5690,5750,5790,5800,5870,5900,5940,5980,5950,5970,5990,5990,6000,6060,6080,6120,6160,6140,6180,6190,6200,6250,6280,6350,6410,6490,6520,6500,6510,6500,6530,6560,6580,6620,6680,6750,6810,6900,6950,7000,7040,7040,7100,7180,7210,7270,7380,7490,7580,7690,7750,7800,7920,7960,8090,8210,8260
803,3850,3830,3830,3830,3860,3880,3920,3920,3930,3950,3970,4000,4010,4020,4010,4030,4110,4160,4240,4340,4360,4450,4550,4490,4750,4670,4630,4650,4740,4900,5000,5060,5100,5180,5200,5400,5590,5590,5690,5740,5730,5740,5720,5690,5750,5790,5800,5870,5900,5940,5980,5950,5970,5990,5990,6000,6060,6080,6120,6160,6140,6180,6190,6200,6250,6280,6350,6410,6490,6520,6500,6510,6500,6530,6560,6580,6620,6680,6750,6810,6900,6950,7000,7040,7040,7100,7180,7210,7270,7380,7490,7580,7690,7750,7800,7920,7960,8090,8210,8260,8340
804,3830,3830,3830,3860,3880,3920,3920,3930,3950,3970,4000,4010,4020,4010,4030,4110,4160,4240,4340,4360,4450,4550,4490,4750,4670,4630,4650,4740,4900,5000,5060,5100,5180,5200,5400,5590,5590,5690,5740,5730,5740,5720,5690,5750,5790,5800,5870,5900,5940,5980,5950,5970,5990,5990,6000,6060,6080,6120,6160,6140,6180,6190,6200,6250,6280,6350,6410,6490,6520,6500,6510,6500,6530,6560,6580,6620,6680,6750,6810,6900,6950,7000,7040,7040,7100,7180,7210,7270,7380,7490,7580,7690,7750,7800,7920,7960,8090,8210,8260,8340,8520
805,3830,3830,3860,3880,3920,3920,3930,3950,3970,4000,4010,4020,4010,4030,4110,4160,4240,4340,4360,4450,4550,4490,4750,4670,4630,4650,4740,4900,5000,5060,5100,5180,5200,5400,5590,5590,5690,5740,5730,5740,5720,5690,5750,5790,5800,5870,5900,5940,5980,5950,5970,5990,5990,6000,6060,6080,6120,6160,6140,6180,6190,6200,6250,6280,6350,6410,6490,6520,6500,6510,6500,6530,6560,6580,6620,6680,6750,6810,6900,6950,7000,7040,7040,7100,7180,7210,7270,7380,7490,7580,7690,7750,7800,7920,7960,8090,8210,8260,8340,8520,8690
806,3830,3860,3880,3920,3920,3930,3950,3970,4000,4010,4020,4010,4030,4110,4160,4240,4340,4360,4450,4550,4490,4750,4670,4630,4650,4740,4900,5000,5060,5100,5180,5200,5400,5590,5590,5690,5740,5730,5740,5720,5690,5750,5790,5800,5870,5900,5940,5980,5950,5970,5990,5990,6000,6060,6080,6120,6160,6140,6180,6190,6200,6250,6280,6350,6410,6490,6520,6500,6510,6500,6530,6560,6580,6620,6680,6750,6810,6900,6950,7000,7040,7040,7100,7180,7210,7270,7380,7490,7580,7690,7750,7800,7920,7960,8090,8210,8260,8340,8520,8690,8750
807,3860,3880,3920,3920,3930,3950,3970,4000,4010,4020,4010,4030,4110,4160,4240,4340,4360,4450,4550,4490,4750,4670,4630,4650,4740,4900,5000,5060,5100,5180,5200,5400,5590,5590,5690,5740,5730,5740,5720,5690,5750,5790,5800,5870,5900,5940,5980,5950,5970,5990,5990,6000,6060,6080,6120,6160,6140,6180,6190,6200,6250,6280,6350,6410,6490,6520,6500,6510,6500,6530,6560,6580,6620,6680,6750,6810,6900,6950,7000,7040,7040,7100,7180,7210,7270,7380,7490,7580,7690,7750,7800,7920,7960,8090,8210,8260,8340,8520,8690,8750,8780
808,3880,3920,3920,3930,3950,3970,4000,4010,4020,4010,4030,4110,4160,4240,4340,4360,4450,4550,4490,4750,4670,4630,4650,4740,4900,5000,5060,5100,5180,5200,5400,5590,5590,5690,5740,5730,5740,5720,5690,5750,5790,5800,5870,5900,5940,5980,5950,5970,5990,5990,6000,6060,6080,6120,6160,6140,6180,6190,6200,6250,6280,6350,6410,6490,6520,6500,6510,6500,6530,6560,6580,6620,6680,6750,6810,6900,6950,7000,7040,7040,7100,7180,7210,7270,7380,7490,7580,7690,7750,7800,7920,7960,8090,8210,8260,8340,8520,8690,8750,8780,8830
809,3920,3920,3930,3950,3970,4000,4010,4020,4010,4030,4110,4160,4240,4340,4360,4450,4550,4490,4750,4670,4630,4650,4740,4900,5000,5060,5100,5180,5200,5400,5590,5590,5690,5740,5730,5740,5720,5690,5750,5790,5800,5870,5900,5940,5980,5950,5970,5990,5990,6000,6060,6080,6120,6160,6140,6180,6190,6200,6250,6280,6350,6410,6490,6520,6500,6510,6500,6530,6560,6580,6620,6680,6750,6810,6900,6950,7000,7040,7040,7100,7180,7210,7270,7380,7490,7580,7690,7750,7800,7920,7960,8090,8210,8260,8340,8520,8690,8750,8780,8830,8870
810,3920,3930,3950,3970,4000,4010,4020,4010,4030,4110,4160,4240,4340,4360,4450,4550,4490,4750,4670,4630,4650,4740,4900,5000,5060,5100,5180,5200,5400,5590,5590,5690,5740,5730,5740,5720,5690,5750,5790,5800,5870,5900,5940,5980,5950,5970,5990,5990,6000,6060,6080,6120,6160,6140,6180,6190,6200,6250,6280,6350,6410,6490,6520,6500,6510,6500,6530,6560,6580,6620,6680,6750,6810,6900,6950,7000,7040,7040,7100,7180,7210,7270,7380,7490,7580,7690,7750,7800,7920,7960,8090,8210,8260,8340,8520,8690,8750,8780,8830,8870,9030
811,3930,3950,3970,4000,4010,4020,4010,4030,4110,4160,4240,4340,4360,4450,4550,4490,4750,4670,4630,4650,4740,4900,5000,5060,5100,5180,5200,5400,5590,5590,5690,5740,5730,5740,5720,5690,5750,5790,5800,5870,5900,5940,5980,5950,5970,5990,5990,6000,6060,6080,6120,6160,6140,6180,6190,6200,6250,6280,6350,6410,6490,6520,6500,6510,6500,6530,6560,6580,6620,6680,6750,6810,6900,6950,7000,7040,7040,7100,7180,7210,7270,7380,7490,7580,7690,7750,7800,7920,7960,8090,8210,8260,8340,8520,8690,8750,8780,8830,8870,9030,9150
812,3950,3970,4000,4010,4020,4010,4030,4110,4160,4240,4340,4360,4450,4550,4490,4750,4670,4630,4650,4740,4900,5000,5060,5100,5180,5200,5400,5590,5590,5690,5740,5730,5740,5720,5690,5750,5790,5800,5870,5900,5940,5980,5950,5970,5990,5990,6000,6060,6080,6120,6160,6140,6180,6190,6200,6250,6280,6350,6410,6490,6520,6500,6510,6500,6530,6560,6580,6620,6680,6750,6810,6900,6950,7000,7040,7040,7100,7180,7210,7270,7380,7490,7580,7690,7750,7800,7920,7960,8090,8210,8260,8340,8520,8690,8750,8780,8830,8870,9030,9150,9170
813,3970,4000,4010,4020,4010,4030,4110,4160,4240,4340,4360,4450,4550,4490,4750,4670,4630,4650,4740,4900,5000,5060,5100,5180,5200,5400,5590,5590,5690,5740,5730,5740,5720,5690,5750,5790,5800,5870,5900,5940,5980,5950,5970,5990,5990,6000,6060,6080,6120,6160,6140,6180,6190,6200,6250,6280,6350,6410,6490,6520,6500,6510,6500,6530,6560,6580,6620,6680,6750,6810,6900,6950,7000,7040,7040,7100,7180,7210,7270,7380,7490,7580,7690,7750,7800,7920,7960,8090,8210,8260,8340,8520,8690,8750,8780,8830,8870,9030,9150,9170,9280
814,4000,4010,4020,4010,4030,4110,4160,4240,4340,4360,4450,4550,4490,4750,4670,4630,4650,4740,4900,5000,5060,5100,5180,5200,5400,5590,5590,5690,5740,5730,5740,5720,5690,5750,5790,5800,5870,5900,5940,5980,5950,5970,5990,5990,6000,6060,6080,6120,6160,6140,6180,6190,6200,6250,6280,6350,6410,6490,6520,6500,6510,6500,6530,6560,6580,6620,6680,6750,6810,6900,6950,7000,7040,7040,7100,7180,7210,7270,7380,7490,7580,7690,7750,7800,7920,7960,8090,8210,8260,8340,8520,8690,8750,8780,8830,8870,9030,9150,9170,9280,9320
815,4010,4020,4010,4030,4110,4160,4240,4340,4360,4450,4550,4490,4750,4670,4630,4650,4740,4900,5000,5060,5100,5180,5200,5400,5590,5590,5690,5740,5730,5740,5720,5690,5750,5790,5800,5870,5900,5940,5980,5950,5970,5990,5990,6000,6060,6080,6120,6160,6140,6180,6190,6200,6250,6280,6350,6410,6490,6520,6500,6510,6500,6530,6560,6580,6620,6680,6750,6810,6900,6950,7000,7040,7040,7100,7180,7210,7270,7380,7490,7580,7690,7750,7800,7920,7960,8090,8210,8260,8340,8520,8690,8750,8780,8830,8870,9030,9150,9170,9280,9320,9380
816,4020,4010,4030,4110,4160,4240,4340,4360,4450,4550,4490,4750,4670,4630,4650,4740,4900,5000,5060,5100,5180,5200,5400,5590,5590,5690,5740,5730,5740,5720,5690,5750,5790,5800,5870,5900,5940,5980,5950,5970,5990,5990,6000,6060,6080,6120,6160,6140,6180,6190,6200,6250,6280,6350,6410,6490,6520,6500,6510,6500,6530,6560,6580,6620,6680,6750,6810,6900,6950,7000,7040,7040,7100,7180,7210,7270,7380,7490,7580,7690,7750,7800,7920,7960,8090,8210,8260,8340,8520,8690,8750,8780,8830,8870,9030,9150,9170,9280,9320,9380,9520
817,4010,4030,4110,4160,4240,4340,4360,4450,4550,4490,4750,4670,4630,4650,4740,4900,5000,5060,5100,5180,5200,5400,5590,5590,5690,5740,5730,5740,5720,5690,5750,5790,5800,5870,5900,5940,5980,5950,5970,5990,5990,6000,6060,6080,6120,6160,6140,6180,6190,6200,6250,6280,6350,6410,6490,6520,6500,6510,6500,6530,6560,6580,6620,6680,6750,6810,6900,6950,7000,7040,7040,7100,7180,7210,7270,7380,7490,7580,7690,7750,7800,7920,7960,8090,8210,8260,8340,8520,8690,8750,8780,8830,8870,9030,9150,9170,9280,9320,9380,9520,9610
818,4030,4110,4160,4240,4340,4360,4450,4550,4490,4750,4670,4630,4650,4740,4900,5000,5060,5100,5180,5200,5400,5590,5590,5690,5740,5730,5740,5720,5690,5750,5790,5800,5870,5900,5940,5980,5950,5970,5990,5990,6000,6060,6080,6120,6160,6140,6180,6190,6200,6250,6280,6350,6410,6490,6520,6500,6510,6500,6530,6560,6580,6620,6680,6750,6810,6900,6950,7000,7040,7040,7100,7180,7210,7270,7380,7490,7580,7690,7750,7800,7920,7960,8090,8210,8260,8340,8520,8690,8750,8780,8830,8870,9030,9150,9170,9280,9320,9380,9520,9610,9700
819,4110,4160,4240,4340,4360,4450,4550,4490,4750,4670,4630,4650,4740,4900,5000,5060,5100,5180,5200,5400,5590,5590,5690,5740,5730,5740,5720,5690,5750,5790,5800,5870,5900,5940,5980,5950,5970,5990,5990,6000,6060,6080,6120,6160,6140,6180,6190,6200,6250,6280,6350,6410,6490,6520,6500,6510,6500,6530,6560,6580,6620,6680,6750,6810,6900,6950,7000,7040,7040,7100,7180,7210,7270,7380,7490,7580,7690,7750,7800,7920,7960,8090,8210,8260,8340,8520,8690,8750,8780,8830,8870,9030,9150,9170,9280,9320,9380,9520,9610,9700,9800
820,4160,4240,4340,4360,4450,4550,4490,4750,4670,4630,4650,4740,4900,5000,5060,5100,5180,5200,5400,5590,5590,5690,5740,5730,5740,5720,5690,5750,5790,5800,5870,5900,5940,5980,5950,5970,5990,5990,6000,6060,6080,6120,6160,6140,6180,6190,6200,6250,6280,6350,6410,6490,6520,6500,6510,6500,6530,6560,6580,6620,6680,6750,6810,6900,6950,7000,7040,7040,7100,7180,7210,7270,7380,7490,7580,7690,7750,7800,7920,7960,8090,8210,8260,8340,8520,8690,8750,8780,8830,8870,9030,9150,9170,9280,9320,9380,9520,9610,9700,9800,9830
821,4240,4340,4360,4450,4550,4490,4750,4670,4630,4650,4740,4900,5000,5060,5100,5180,5200,5400,5590,5590,5690,5740,5730,5740,5720,5690,5750,5790,5800,5870,5900,5940,5980,5950,5970,5990,5990,6000,6060,6080,6120,6160,6140,6180,6190,6200,6250,6280,6350,6410,6490,6520,6500,6510,6500,6530,6560,6580,6620,6680,6750,6810,6900,6950,7000,7040,7040,7100,7180,7210,7270,7380,7490,7580,7690,7750,7800,7920,7960,8090,8210,8260,8340,8520,8690,8750,8780,8830,8870,9030,9150,9170,9280,9320,9380,9520,9610,9700,9800,9830,9850
822,4340,4360,4450,4550,4490,4750,4670,4630,4650,4740,4900,5000,5060,5100,5180,5200,5400,5590,5590,5690,5740,5730,5740,5720,5690,5750,5790,5800,5870,5900,5940,5980,5950,5970,5990,5990,6000,6060,6080,6120,6160,6140,6180,6190,6200,6250,6280,6350,6410,6490,6520,6500,6510,6500,6530,6560,6580,6620,6680,6750,6810,6900,6950,7000,7040,7040,7100,7180,7210,7270,7380,7490,7580,7690,7750,7800,7920,7960,8090,8210,8260,8340,8520,8690,8750,8780,8830,8870,9030,9150,9170,9280,9320,9380,9520,9610,9700,9800,9830,9850,9900
823,4360,4450,4550,4490,4750,4670,4630,4650,4740,4900,5000,5060,5100,5180,5200,5400,5590,5590,5690,5740,5730,5740,5720,5690,5750,5790,5800,5870,5900,5940,5980,5950,5970,5990,5990,6000,6060,6080,6120,6160,6140,6180,6190,6200,6250,6280,6350,6410,6490,6520,6500,6510,6500,6530,6560,6580,6620,6680,6750,6810,6900,6950,7000,7040,7040,7100,7180,7210,7270,7380,7490,7580,7690,7750,7800,7920,7960,8090,8210,8260,8340,8520,8690,8750,8780,8830,8870,9030,9150,9170,9280,9320,9380,9520,9610,9700,9800,9830,9850,9900,9900
824,4450,4550,4490,4750,4670,4630,4650,4740,4900,5000,5060,5100,5180,5200,5400,5590,5590,5690,5740,5730,5740,5720,5690,5750,5790,5800,5870,5900,5940,5980,5950,5970,5990,5990,6000,6060,6080,6120,6160,6140,6180,6190,6200,6250,6280,6350,6410,6490,6520,6500,6510,6500,6530,6560,6580,6620,6680,6750,6810,6900,6950,7000,7040,7040,7100,7180,7210,7270,7380,7490,7580,7690,7750,7800,7920,7960,8090,8210,8260,8340,8520,8690,8750,8780,8830,8870,9030,9150,9170,9280,9320,9380,9520,9610,9700,9800,9830,9850,9900,9900,9880
825,4550,4490,4750,4670,4630,4650,4740,4900,5000,5060,5100,5180,5200,5400,5590,5590,5690,5740,5730,5740,5720,5690,5750,5790,5800,5870,5900,5940,5980,5950,5970,5990,5990,6000,6060,6080,6120,6160,6140,6180,6190,6200,6250,6280,6350,6410,6490,6520,6500,6510,6500,6530,6560,6580,6620,6680,6750,6810,6900,6950,7000,7040,7040,7100,7180,7210,7270,7380,7490,7580,7690,7750,7800,7920,7960,8090,8210,8260,8340,8520,8690,8750,8780,8830,8870,9030,9150,9170,9280,9320,9380,9520,9610,9700,9800,9830,9850,9900,9900,9880,9890
826,4490,4750,4670,4630,4650,4740,4900,5000,5060,5100,5180,5200,5400,5590,5590,5690,5740,5730,5740,5720,5690,5750,5790,5800,5870,5900,5940,5980,5950,5970,5990,5990,6000,6060,6080,6120,6160,6140,6180,6190,6200,6250,6280,6350,6410,6490,6520,6500,6510,6500,6530,6560,6580,6620,6680,6750,6810,6900,6950,7000,7040,7040,7100,7180,7210,7270,7380,7490,7580,7690,7750,7800,7920,7960,8090,8210,8260,8340,8520,8690,8750,8780,8830,8870,9030,9150,9170,9280,9320,9380,9520,9610,9700,9800,9830,9850,9900,9900,9880,9890,9880
827,4750,4670,4630,4650,4740,4900,5000,5060,5100,5180,5200,5400,5590,5590,5690,5740,5730,5740,5720,5690,5750,5790,5800,5870,5900,5940,5980,5950,5970,5990,5990,6000,6060,6080,6120,6160,6140,6180,6190,6200,6250,6280,6350,6410,6490,6520,6500,6510,6500,6530,6560,6580,6620,6680,6750,6810,6900,6950,7000,7040,7040,7100,7180,7210,7270,7380,7490,7580,7690,7750,7800,7920,7960,8090,8210,8260,8340,8520,8690,8750,8780,8830,8870,9030,9150,9170,9280,9320,9380,9520,9610,9700,9800,9830,9850,9900,9900,9880,9890,9880,9880
828,4670,4630,4650,4740,4900,5000,5060,5100,5180,5200,5400,5590,5590,5690,5740,5730,5740,5720,5690,5750,5790,5800,5870,5900,5940,5980,5950,5970,5990,5990,6000,6060,6080,6120,6160,6140,6180,6190,6200,6250,6280,6350,6410,6490,6520,6500,6510,6500,6530,6560,6580,6620,6680,6750,6810,6900,6950,7000,7040,7040,7100,7180,7210,7270,7380,7490,7580,7690,7750,7800,7920,7960,8090,8210,8260,8340,8520,8690,8750,8780,8830,8870,9030,9150,9170,9280,9320,9380,9520,9610,9700,9800,9830,9850,9900,9900,9880,9890,9880,9880,9970
829,4630,4650,4740,4900,5000,5060,5100,5180,5200,5400,5590,5590,5690,5740,5730,5740,5720,5690,5750,5790,5800,5870,5900,5940,5980,5950,5970,5990,5990,6000,6060,6080,6120,6160,6140,6180,6190,6200,6250,6280,6350,6410,6490,6520,6500,6510,6500,6530,6560,6580,6620,6680,6750,6810,6900,6950,7000,7040,7040,7100,7180,7210,7270,7380,7490,7580,7690,7750,7800,7920,7960,8090,8210,8260,8340,8520,8690,8750,8780,8830,8870,9030,9150,9170,9280,9320,9380,9520,9610,9700,9800,9830,9850,9900,9900,9880,9890,9880,9880,9970,9980
830,4650,4740,4900,5000,5060,5100,5180,5200,5400,5590,5590,5690,5740,5730,5740,5720,5690,5750,5790,5800,5870,5900,5940,5980,5950,5970,5990,5990,6000,6060,6080,6120,6160,6140,6180,6190,6200,6250,6280,6350,6410,6490,6520,6500,6510,6500,6530,6560,6580,6620,6680,6750,6810,6900,6950,7000,7040,7040,7100,7180,7210,7270,7380,7490,7580,7690,7750,7800,7920,7960,8090,8210,8260,8340,8520,8690,8750,8780,8830,8870,9030,9150,9170,9280,9320,9380,9520,9610,9700,9800,9830,9850,9900,9900,9880,9890,9880,9880,9970,9980,9960
831,4740,4900,5000,5060,5100,5180,5200,5400,5590,5590,5690,5740,5730,5740,5720,5690,5750,5790,5800,5870,5900,5940,5980,5950,5970,5990,5990,6000,6060,6080,6120,6160,6140,6180,6190,6200,6250,6280,6350,6410,6490,6520,6500,6510,6500,6530,6560,6580,6620,6680,6750,6810,6900,6950,7000,7040,7040,7100,7180,7210,7270,7380,7490,7580,7690,7750,7800,7920,7960,8090,8210,8260,8340,8520,8690,8750,8780,8830,8870,9030,9150,9170,9280,9320,9380,9520,9610,9700,9800,9830,9850,9900,9900,9880,9890,9880,9880,9970,9980,9960,9960
832,4900,5000,5060,5100,5180,5200,5400,5590,5590,5690,5740,5730,5740,5720,5690,5750,5790,5800,5870,5900,5940,5980,5950,5970,5990,5990,6000,6060,6080,6120,6160,6140,6180,6190,6200,6250,6280,6350,6410,6490,6520,6500,6510,6500,6530,6560,6580,6620,6680,6750,6810,6900,6950,7000,7040,7040,7100,7180,7210,7270,7380,7490,7580,7690,7750,7800,7920,7960,8090,8210,8260,8340,8520,8690,8750,8780,8830,8870,9030,9150,9170,9280,9320,9380,9520,9610,9700,9800,9830,9850,9900,9900,9880,9890,9880,9880,9970,9980,9960,9960,9980
833,5000,5060,5100,5180,5200,5400,5590,5590,5690,5740,5730,5740,5720,5690,5750,5790,5800,5870,5900,5940,5980,5950,5970,5990,5990,6000,6060,6080,6120,6160,6140,6180,6190,6200,6250,6280,6350,6410,6490,6520,6500,6510,6500,6530,6560,6580,6620,6680,6750,6810,6900,6950,7000,7040,7040,7100,7180,7210,7270,7380,7490,7580,7690,7750,7800,7920,7960,8090,8210,8260,8340,8520,8690,8750,8780,8830,8870,9030,9150,9170,9280,9320,9380,9520,9610,9700,9800,9830,9850,9900,9900,9880,9890,9880,9880,9970,9980,9960,9960,9980,10000
834,5060,5100,5180,5200,5400,5590,5590,5690,5740,5730,5740,5720,5690,5750,5790,5800,5870,5900,5940,5980,5950,5970,5990,5990,6000,6060,6080,6120,6160,6140,6180,6190,6200,6250,6280,6350,6410,6490,6520,6500,6510,6500,6530,6560,6580,6620,6680,6750,6810,6900,6950,7000,7040,7040,7100,7180,7210,7270,7380,7490,7580,7690,7750,7800,7920,7960,8090,8210,8260,8340,8520,8690,8750,8780,8830,8870,9030,9150,9170,9280,9320,9380,9520,9610,9700,9800,9830,9850,9900,9900,9880,9890,9880,9880,9970,9980,9960,9960,9980,10000,10040
835,5100,5180,5200,5400,5590,5590,5690,5740,5730,5740,5720,5690,5750,5790,5800,5870,5900,5940,5980,5950,5970,5990,5990,6000,6060,6080,6120,6160,6140,6180,6190,6200,6250,6280,6350,6410,6490,6520,6500,6510,6500,6530,6560,6580,6620,6680,6750,6810,6900,6950,7000,7040,7040,7100,7180,7210,7270,7380,7490,7580,7690,7750,7800,7920,7960,8090,8210,8260,8340,8520,8690,8750,8780,8830,8870,9030,9150,9170,9280,9320,9380,9520,9610,9700,9800,9830,9850,9900,9900,9880,9890,9880,9880,9970,9980,9960,9960,9980,10000,10040,10030
836,5180,5200,5400,5590,5590,5690,5740,5730,5740,5720,5690,5750,5790,5800,5870,5900,5940,5980,5950,5970,5990,5990,6000,6060,6080,6120,6160,6140,6180,6190,6200,6250,6280,6350,6410,6490,6520,6500,6510,6500,6530,6560,6580,6620,6680,6750,6810,6900,6950,7000,7040,7040,7100,7180,7210,7270,7380,7490,7580,7690,7750,7800,7920,7960,8090,8210,8260,8340,8520,8690,8750,8780,8830,8870,9030,9150,9170,9280,9320,9380,9520,9610,9700,9800,9830,9850,9900,9900,9880,9890,9880,9880,9970,9980,9960,9960,9980,10000,10040,10030,10000
837,5200,5400,5590,5590,5690,5740,5730,5740,5720,5690,5750,5790,5800,5870,5900,5940,5980,5950,5970,5990,5990,6000,6060,6080,6120,6160,6140,6180,6190,6200,6250,6280,6350,6410,6490,6520,6500,6510,6500,6530,6560,6580,6620,6680,6750,6810,6900,6950,7000,7040,7040,7100,7180,7210,7270,7380,7490,7580,7690,7750,7800,7920,7960,8090,8210,8260,8340,8520,8690,8750,8780,8830,8870,9030,9150,9170,9280,9320,9380,9520,9610,9700,9800,9830,9850,9900,9900,9880,9890,9880,9880,9970,9980,9960,9960,9980,10000,10040,10030,10000,10020
838,5400,5590,5590,5690,5740,5730,5740,5720,5690,5750,5790,5800,5870,5900,5940,5980,5950,5970,5990,5990,6000,6060,6080,6120,6160,6140,6180,6190,6200,6250,6280,6350,6410,6490,6520,6500,6510,6500,6530,6560,6580,6620,6680,6750,6810,6900,6950,7000,7040,7040,7100,7180,7210,7270,7380,7490,7580,7690,7750,7800,7920,7960,8090,8210,8260,8340,8520,8690,8750,8780,8830,8870,9030,9150,9170,9280,9320,9380,9520,9610,9700,9800,9830,9850,9900,9900,9880,9890,9880,9880,9970,9980,9960,9960,9980,10000,10040,10030,10000,10020,10030
839,5590,5590,5690,5740,5730,5740,5720,5690,5750,5790,5800,5870,5900,5940,5980,5950,5970,5990,5990,6000,6060,6080,6120,6160,6140,6180,6190,6200,6250,6280,6350,6410,6490,6520,6500,6510,6500,6530,6560,6580,6620,6680,6750,6810,6900,6950,7000,7040,7040,7100,7180,7210,7270,7380,7490,7580,7690,7750,7800,7920,7960,8090,8210,8260,8340,8520,8690,8750,8780,8830,8870,9030,9150,9170,9280,9320,9380,9520,9610,9700,9800,9830,9850,9900,9900,9880,9890,9880,9880,9970,9980,9960,9960,9980,10000,10040,10030,10000,10020,10030,10050
840,5590,5690,5740,5730,5740,5720,5690,5750,5790,5800,5870,5900,5940,5980,5950,5970,5990,5990,6000,6060,6080,6120,6160,6140,6180,6190,6200,6250,6280,6350,6410,6490,6520,6500,6510,6500,6530,6560,6580,6620,6680,6750,6810,6900,6950,7000,7040,7040,7100,7180,7210,7270,7380,7490,7580,7690,7750,7800,7920,7960,8090,8210,8260,8340,8520,8690,8750,8780,8830,8870,9030,9150,9170,9280,9320,9380,9520,9610,9700,9800,9830,9850,9900,9900,9880,9890,9880,9880,9970,9980,9960,9960,9980,10000,10040,10030,10000,10020,10030,10050,10020
841,5690,5740,5730,5740,5720,5690,5750,5790,5800,5870,5900,5940,5980,5950,5970,5990,5990,6000,6060,6080,6120,6160,6140,6180,6190,6200,6250,6280,6350,6410,6490,6520,6500,6510,6500,6530,6560,6580,6620,6680,6750,6810,6900,6950,7000,7040,7040,7100,7180,7210,7270,7380,7490,7580,7690,7750,7800,7920,7960,8090,8210,8260,8340,8520,8690,8750,8780,8830,8870,9030,9150,9170,9280,9320,9380,9520,9610,9700,9800,9830,9850,9900,9900,9880,9890,9880,9880,9970,9980,9960,9960,9980,10000,10040,10030,10000,10020,10030,10050,10020,10050
842,5740,5730,5740,5720,5690,5750,5790,5800,5870,5900,5940,5980,5950,5970,5990,5990,6000,6060,6080,6120,6160,6140,6180,6190,6200,6250,6280,6350,6410,6490,6520,6500,6510,6500,6530,6560,6580,6620,6680,6750,6810,6900,6950,7000,7040,7040,7100,7180,7210,7270,7380,7490,7580,7690,7750,7800,7920,7960,8090,8210,8260,8340,8520,8690,8750,8780,8830,8870,9030,9150,9170,9280,9320,9380,9520,9610,9700,9800,9830,9850,9900,9900,9880,9890,9880,9880,9970,9980,9960,9960,9980,10000,10040,10030,10000,10020,10030,10050,10020,10050,10040
843,5730,5740,5720,5690,5750,5790,5800,5870,5900,5940,5980,5950,5970,5990,5990,6000,6060,6080,6120,6160,6140,6180,6190,6200,6250,6280,6350,6410,6490,6520,6500,6510,6500,6530,6560,6580,6620,6680,6750,6810,6900,6950,7000,7040,7040,7100,7180,7210,7270,7380,7490,7580,7690,7750,7800,7920,7960,8090,8210,8260,8340,8520,8690,8750,8780,8830,8870,9030,9150,9170,9280,9320,9380,9520,9610,9700,9800,9830,9850,9900,9900,9880,9890,9880,9880,9970,9980,9960,9960,9980,10000,10040,10030,10000,10020,10030,10050,10020,10050,10040,10040
844,5740,5720,5690,5750,5790,5800,5870,5900,5940,5980,5950,5970,5990,5990,6000,6060,6080,6120,6160,6140,6180,6190,6200,6250,6280,6350,6410,6490,6520,6500,6510,6500,6530,6560,6580,6620,6680,6750,6810,6900,6950,7000,7040,7040,7100,7180,7210,7270,7380,7490,7580,7690,7750,7800,7920,7960,8090,8210,8260,8340,8520,8690,8750,8780,8830,8870,9030,9150,9170,9280,9320,9380,9520,9610,9700,9800,9830,9850,9900,9900,9880,9890,9880,9880,9970,9980,9960,9960,9980,10000,10040,10030,10000,10020,10030,10050,10020,10050,10040,10040,10080
845,5720,5690,5750,5790,5800,5870,5900,5940,5980,5950,5970,5990,5990,6000,6060,6080,6120,6160,6140,6180,6190,6200,6250,6280,6350,6410,6490,6520,6500,6510,6500,6530,6560,6580,6620,6680,6750,6810,6900,6950,7000,7040,7040,7100,7180,7210,7270,7380,7490,7580,7690,7750,7800,7920,7960,8090,8210,8260,8340,8520,8690,8750,8780,8830,8870,9030,9150,9170,9280,9320,9380,9520,9610,9700,9800,9830,9850,9900,9900,9880,9890,9880,9880,9970,9980,9960,9960,9980,10000,10040,10030,10000,10020,10030,10050,10020,10050,10040,10040,10080,10100
846,5690,5750,5790,5800,5870,5900,5940,5980,5950,5970,5990,5990,6000,6060,6080,6120,6160,6140,6180,6190,6200,6250,6280,6350,6410,6490,6520,6500,6510,6500,6530,6560,6580,6620,6680,6750,6810,6900,6950,7000,7040,7040,7100,7180,7210,7270,7380,7490,7580,7690,7750,7800,7920,7960,8090,8210,8260,8340,8520,8690,8750,8780,8830,8870,9030,9150,9170,9280,9320,9380,9520,9610,9700,9800,9830,9850,9900,9900,9880,9890,9880,9880,9970,9980,9960,9960,9980,10000,10040,10030,10000,10020,10030,10050,10020,10050,10040,10040,10080,10100,10130
847,5750,5790,5800,5870,5900,5940,5980,5950,5970,5990,5990,6000,6060,6080,6120,6160,6140,6180,6190,6200,6250,6280,6350,6410,6490,6520,6500,6510,6500,6530,6560,6580,6620,6680,6750,6810,6900,6950,7000,7040,7040,7100,7180,7210,7270,7380,7490,7580,7690,7750,7800,7920,7960,8090,8210,8260,8340,8520,8690,8750,8780,8830,8870,9030,9150,9170,9280,9320,9380,9520,9610,9700,9800,9830,9850,9900,9900,9880,9890,9880,9880,9970,9980,9960,9960,9980,10000,10040,10030,10000,10020,10030,10050,10020,10050,10040,10040,10080,10100,10130,10180
848,5790,5800,5870,5900,5940,5980,5950,5970,5990,5990,6000,6060,6080,6120,6160,6140,6180,6190,6200,6250,6280,6350,6410,6490,6520,6500,6510,6500,6530,6560,6580,6620,6680,6750,6810,6900,6950,7000,7040,7040,7100,7180,7210,7270,7380,7490,7580,7690,7750,7800,7920,7960,8090,8210,8260,8340,8520,8690,8750,8780,8830,8870,9030,9150,9170,9280,9320,9380,9520,9610,9700,9800,9830,9850,9900,9900,9880,9890,9880,9880,9970,9980,9960,9960,9980,10000,10040,10030,10000,10020,10030,10050,10020,10050,10040,10040,10080,10100,10130,10180,10200
849,5800,5870,5900,5940,5980,5950,5970,5990,5990,6000,6060,6080,6120,6160,6140,6180,6190,6200,6250,6280,6350,6410,6490,6520,6500,6510,6500,6530,6560,6580,6620,6680,6750,6810,6900,6950,7000,7040,7040,7100,7180,7210,7270,7380,7490,7580,7690,7750,7800,7920,7960,8090,8210,8260,8340,8520,8690,8750,8780,8830,8870,9030,9150,9170,9280,9320,9380,9520,9610,9700,9800,9830,9850,9900,9900,9880,9890,9880,9880,9970,9980,9960,9960,9980,10000,10040,10030,10000,10020,10030,10050,10020,10050,10040,10040,10080,10100,10130,10180,10200,10220
850,5870,5900,5940,5980,5950,5970,5990,5990,6000,6060,6080,6120,6160,6140,6180,6190,6200,6250,6280,6350,6410,6490,6520,6500,6510,6500,6530,6560,6580,6620,6680,6750,6810,6900,6950,7000,7040,7040,7100,7180,7210,7270,7380,7490,7580,7690,7750,7800,7920,7960,8090,8210,8260,8340,8520,8690,8750,8780,8830,8870,9030,9150,9170,9280,9320,9380,9520,9610,9700,9800,9830,9850,9900,9900,9880,9890,9880,9880,9970,9980,9960,9960,9980,10000,10040,10030,10000,10020,10030,10050,10020,10050,10040,10040,10080,10100,10130,10180,10200,10220,10210
851,5900,5940,5980,5950,5970,5990,5990,6000,6060,6080,6120,6160,6140,6180,6190,6200,6250,6280,6350,6410,6490,6520,6500,6510,6500,6530,6560,6580,6620,6680,6750,6810,6900,6950,7000,7040,7040,7100,7180,7210,7270,7380,7490,7580,7690,7750,7800,7920,7960,8090,8210,8260,8340,8520,8690,8750,8780,8830,8870,9030,9150,9170,9280,9320,9380,9520,9610,9700,9800,9830,9850,9900,9900,9880,9890,9880,9880,9970,9980,9960,9960,9980,10000,10040,10030,10000,10020,10030,10050,10020,10050,10040,10040,10080,10100,10130,10180,10200,10220,10210,10230
852,5940,5980,5950,5970,5990,5990,6000,6060,6080,6120,6160,6140,6180,6190,6200,6250,6280,6350,6410,6490,6520,6500,6510,6500,6530,6560,6580,6620,6680,6750,6810,6900,6950,7000,7040,7040,7100,7180,7210,7270,7380,7490,7580,7690,7750,7800,7920,7960,8090,8210,8260,8340,8520,8690,8750,8780,8830,8870,9030,9150,9170,9280,9320,9380,9520,9610,9700,9800,9830,9850,9900,9900,9880,9890,9880,9880,9970,9980,9960,9960,9980,10000,10040,10030,10000,10020,10030,10050,10020,10050,10040,10040,10080,10100,10130,10180,10200,10220,10210,10230,10290
853,5980,5950,5970,5990,5990,6000,6060,6080,6120,6160,6140,6180,6190,6200,6250,6280,6350,6410,6490,6520,6500,6510,6500,6530,6560,6580,6620,6680,6750,6810,6900,6950,7000,7040,7040,7100,7180,7210,7270,7380,7490,7580,7690,7750,7800,7920,7960,8090,8210,8260,8340,8520,8690,8750,8780,8830,8870,9030,9150,9170,9280,9320,9380,9520,9610,9700,9800,9830,9850,9900,9900,9880,9890,9880,9880,9970,9980,9960,9960,9980,10000,10040,10030,10000,10020,10030,10050,10020,10050,10040,10040,10080,10100,10130,10180,10200,10220,10210,10230,10290,10320
854,5950,5970,5990,5990,6000,6060,6080,6120,6160,6140,6180,6190,6200,6250,6280,6350,6410,6490,6520,6500,6510,6500,6530,6560,6580,6620,6680,6750,6810,6900,6950,7000,7040,7040,7100,7180,7210,7270,7380,7490,7580,7690,7750,7800,7920,7960,8090,8210,8260,8340,8520,8690,8750,8780,8830,8870,9030,9150,9170,9280,9320,9380,9520,9610,9700,9800,9830,9850,9900,9900,9880,9890,9880,9880,9970,9980,9960,9960,9980,10000,10040,10030,10000,10020,10030,10050,10020,10050,10040,10040,10080,10100,10130,10180,10200,10220,10210,10230,10290,10320,10390
855,5970,5990,5990,6000,6060,6080,6120,6160,6140,6180,6190,6200,6250,6280,6350,6410,6490,6520,6500,6510,6500,6530,6560,6580,6620,6680,6750,6810,6900,6950,7000,7040,7040,7100,7180,7210,7270,7380,7490,7580,7690,7750,7800,7920,7960,8090,8210,8260,8340,8520,8690,8750,8780,8830,8870,9030,9150,9170,9280,9320,9380,9520,9610,9700,9800,9830,9850,9900,9900,9880,9890,9880,9880,9970,9980,9960,9960,9980,10000,10040,10030,10000,10020,10030,10050,10020,10050,10040,10040,10080,10100,10130,10180,10200,10220,10210,10230,10290,10320,10390,10400
856,5990,5990,6000,6060,6080,6120,6160,6140,6180,6190,6200,6250,6280,6350,6410,6490,6520,6500,6510,6500,6530,6560,6580,6620,6680,6750,6810,6900,6950,7000,7040,7040,7100,7180,7210,7270,7380,7490,7580,7690,7750,7800,7920,7960,8090,8210,8260,8340,8520,8690,8750,8780,8830,8870,9030,9150,9170,9280,9320,9380,9520,9610,9700,9800,9830,9850,9900,9900,9880,9890,9880,9880,9970,9980,9960,9960,9980,10000,10040,10030,10000,10020,10030,10050,10020,10050,10040,10040,10080,10100,10130,10180,10200,10220,10210,10230,10290,10320,10390,10400,10410
857,5990,6000,6060,6080,6120,6160,6140,6180,6190,6200,6250,6280,6350,6410,6490,6520,6500,6510,6500,6530,6560,6580,6620,6680,6750,6810,6900,6950,7000,7040,7040,7100,7180,7210,7270,7380,7490,7580,7690,7750,7800,7920,7960,8090,8210,8260,8340,8520,8690,8750,8780,8830,8870,9030,9150,9170,9280,9320,9380,9520,9610,9700,9800,9830,9850,9900,9900,9880,9890,9880,9880,9970,9980,9960,9960,9980,10000,10040,10030,10000,10020,10030,10050,10020,10050,10040,10040,10080,10100,10130,10180,10200,10220,10210,10230,10290,10320,10390,10400,10410,10400
858,6000,6060,6080,6120,6160,6140,6180,6190,6200,6250,6280,6350,6410,6490,6520,6500,6510,6500,6530,6560,6580,6620,6680,6750,6810,6900,6950,7000,7040,7040,7100,7180,7210,7270,7380,7490,7580,7690,7750,7800,7920,7960,8090,8210,8260,8340,8520,8690,8750,8780,8830,8870,9030,9150,9170,9280,9320,9380,9520,9610,9700,9800,9830,9850,9900,9900,9880,9890,9880,9880,9970,9980,9960,9960,9980,10000,10040,10030,10000,10020,10030,10050,10020,10050,10040,10040,10080,10100,10130,10180,10200,10220,10210,10230,10290,10320,10390,10400,10410,10400,10420
859,6060,6080,6120,6160,6140,6180,6190,6200,6250,6280,6350,6410,6490,6520,6500,6510,6500,6530,6560,6580,6620,6680,6750,6810,6900,6950,7000,7040,7040,7100,7180,7210,7270,7380,7490,7580,7690,7750,7800,7920,7960,8090,8210,8260,8340,8520,8690,8750,8780,8830,8870,9030,9150,9170,9280,9320,9380,9520,9610,9700,9800,9830,9850,9900,9900,9880,9890,9880,9880,9970,9980,9960,9960,9980,10000,10040,10030,10000,10020,10030,10050,10020,10050,10040,10040,10080,10100,10130,10180,10200,10220,10210,10230,10290,10320,10390,10400,10410,10400,10420,10380
860,6080,6120,6160,6140,6180,6190,6200,6250,6280,6350,6410,6490,6520,6500,6510,6500,6530,6560,6580,6620,6680,6750,6810,6900,6950,7000,7040,7040,7100,7180,7210,7270,7380,7490,7580,7690,7750,7800,7920,7960,8090,8210,8260,8340,8520,8690,8750,8780,8830,8870,9030,9150,9170,9280,9320,9380,9520,9610,9700,9800,9830,9850,9900,9900,9880,9890,9880,9880,9970,9980,9960,9960,9980,10000,10040,10030,10000,10020,10030,10050,10020,10050,10040,10040,10080,10100,10130,10180,10200,10220,10210,10230,10290,10320,10390,10400,10410,10400,10420,10380,10340
861,6120,6160,6140,6180,6190,6200,6250,6280,6350,6410,6490,6520,6500,6510,6500,6530,6560,6580,6620,6680,6750,6810,6900,6950,7000,7040,7040,7100,7180,7210,7270,7380,7490,7580,7690,7750,7800,7920,7960,8090,8210,8260,8340,8520,8690,8750,8780,8830,8870,9030,9150,9170,9280,9320,9380,9520,9610,9700,9800,9830,9850,9900,9900,9880,9890,9880,9880,9970,9980,9960,9960,9980,10000,10040,10030,10000,10020,10030,10050,10020,10050,10040,10040,10080,10100,10130,10180,10200,10220,10210,10230,10290,10320,10390,10400,10410,10400,10420,10380,10340,10340
862,6160,6140,6180,6190,6200,6250,6280,6350,6410,6490,6520,6500,6510,6500,6530,6560,6580,6620,6680,6750,6810,6900,6950,7000,7040,7040,7100,7180,7210,7270,7380,7490,7580,7690,7750,7800,7920,7960,8090,8210,8260,8340,8520,8690,8750,8780,8830,8870,9030,9150,9170,9280,9320,9380,9520,9610,9700,9800,9830,9850,9900,9900,9880,9890,9880,9880,9970,9980,9960,9960,9980,10000,10040,10030,10000,10020,10030,10050,10020,10050,10040,10040,10080,10100,10130,10180,10200,10220,10210,10230,10290,10320,10390,10400,10410,10400,10420,10380,10340,10340,10370
863,6140,6180,6190,6200,6250,6280,6350,6410,6490,6520,6500,6510,6500,6530,6560,6580,6620,6680,6750,6810,6900,6950,7000,7040,7040,7100,7180,7210,7270,7380,7490,7580,7690,7750,7800,7920,7960,8090,8210,8260,8340,8520,8690,8750,8780,8830,8870,9030,9150,9170,9280,9320,9380,9520,9610,9700,9800,9830,9850,9900,9900,9880,9890,9880,9880,9970,9980,9960,9960,9980,10000,10040,10030,10000,10020,10030,10050,10020,10050,10040,10040,10080,10100,10130,10180,10200,10220,10210,10230,10290,10320,10390,10400,10410,10400,10420,10380,10340,10340,10370,10350
864,6180,6190,6200,6250,6280,6350,6410,6490,6520,6500,6510,6500,6530,6560,6580,6620,6680,6750,6810,6900,6950,7000,7040,7040,7100,7180,7210,7270,7380,7490,7580,7690,7750,7800,7920,7960,8090,8210,8260,8340,8520,8690,8750,8780,8830,8870,9030,9150,9170,9280,9320,9380,9520,9610,9700,9800,9830,9850,9900,9900,9880,9890,9880,9880,9970,9980,9960,9960,9980,10000,10040,10030,10000,10020,10030,10050,10020,10050,10040,10040,10080,10100,10130,10180,10200,10220,10210,10230,10290,10320,10390,10400,10410,10400,10420,10380,10340,10340,10370,10350,10340
865,6190,6200,6250,6280,6350,6410,6490,6520,6500,6510,6500,6530,6560,6580,6620,6680,6750,6810,6900,6950,7000,7040,7040,7100,7180,7210,7270,7380,7490,7580,7690,7750,7800,7920,7960,8090,8210,8260,8340,8520,8690,8750,8780,8830,8870,9030,9150,9170,9280,9320,9380,9520,9610,9700,9800,9830,9850,9900,9900,9880,9890,9880,9880,9970,9980,9960,9960,9980,10000,10040,10030,10000,10020,10030,10050,10020,10050,10040,10040,10080,10100,10130,10180,10200,10220,10210,10230,10290,10320,10390,10400,10410,10400,10420,10380,10340,10340,10370,10350,10340,10330
866,6200,6250,6280,6350,6410,6490,6520,6500,6510,6500,6530,6560,6580,6620,6680,6750,6810,6900,6950,7000,7040,7040,7100,7180,7210,7270,7380,7490,7580,7690,7750,7800,7920,7960,8090,8210,8260,8340,8520,8690,8750,8780,8830,8870,9030,9150,9170,9280,9320,9380,9520,9610,9700,9800,9830,9850,9900,9900,9880,9890,9880,9880,9970,9980,9960,9960,9980,10000,10040,10030,10000,10020,10030,10050,10020,10050,10040,10040,10080,10100,10130,10180,10200,10220,10210,10230,10290,10320,10390,10400,10410,10400,10420,10380,10340,10340,10370,10350,10340,10330,10310
867,6250,6280,6350,6410,6490,6520,6500,6510,6500,6530,6560,6580,6620,6680,6750,6810,6900,6950,7000,7040,7040,7100,7180,7210,7270,7380,7490,7580,7690,7750,7800,7920,7960,8090,8210,8260,8340,8520,8690,8750,8780,8830,8870,9030,9150,9170,9280,9320,9380,9520,9610,9700,9800,9830,9850,9900,9900,9880,9890,9880,9880,9970,9980,9960,9960,9980,10000,10040,10030,10000,10020,10030,10050,10020,10050,10040,10040,10080,10100,10130,10180,10200,10220,10210,10230,10290,10320,10390,10400,10410,10400,10420,10380,10340,10340,10370,10350,10340,10330,10310,10330
868,6280,6350,6410,6490,6520,6500,6510,6500,6530,6560,6580,6620,6680,6750,6810,6900,6950,7000,7040,7040,7100,7180,7210,7270,7380,7490,7580,7690,7750,7800,7920,7960,8090,8210,8260,8340,8520,8690,8750,8780,8830,8870,9030,9150,9170,9280,9320,9380,9520,9610,9700,9800,9830,9850,9900,9900,9880,9890,9880,9880,9970,9980,9960,9960,9980,10000,10040,10030,10000,10020,10030,10050,10020,10050,10040,10040,10080,10100,10130,10180,10200,10220,10210,10230,10290,10320,10390,10400,10410,10400,10420,10380,10340,10340,10370,10350,10340,10330,10310,10330,10350
869,6350,6410,6490,6520,6500,6510,6500,6530,6560,6580,6620,6680,6750,6810,6900,6950,7000,7040,7040,7100,7180,7210,7270,7380,7490,7580,7690,7750,7800,7920,7960,8090,8210,8260,8340,8520,8690,8750,8780,8830,8870,9030,9150,9170,9280,9320,9380,9520,9610,9700,9800,9830,9850,9900,9900,9880,9890,9880,9880,9970,9980,9960,9960,9980,10000,10040,10030,10000,10020,10030,10050,10020,10050,10040,10040,10080,10100,10130,10180,10200,10220,10210,10230,10290,10320,10390,10400,10410,10400,10420,10380,10340,10340,10370,10350,10340,10330,10310,10330,10350,10330
870,6410,6490,6520,6500,6510,6500,6530,6560,6580,6620,6680,6750,6810,6900,6950,7000,7040,7040,7100,7180,7210,7270,7380,7490,7580,7690,7750,7800,7920,7960,8090,8210,8260,8340,8520,8690,8750,8780,8830,8870,9030,9150,9170,9280,9320,9380,9520,9610,9700,9800,9830,9850,9900,9900,9880,9890,9880,9880,9970,9980,9960,9960,9980,10000,10040,10030,10000,10020,10030,10050,10020,10050,10040,10040,10080,10100,10130,10180,10200,10220,10210,10230,10290,10320,10390,10400,10410,10400,10420,10380,10340,10340,10370,10350,10340,10330,10310,10330,10350,10330,10320
871,6490,6520,6500,6510,6500,6530,6560,6580,6620,6680,6750,6810,6900,6950,7000,7040,7040,7100,7180,7210,7270,7380,7490,7580,7690,7750,7800,7920,7960,8090,8210,8260,8340,8520,8690,8750,8780,8830,8870,9030,9150,9170,9280,9320,9380,9520,9610,9700,9800,9830,9850,9900,9900,9880,9890,9880,9880,9970,9980,9960,9960,9980,10000,10040,10030,10000,10020,10030,10050,10020,10050,10040,10040,10080,10100,10130,10180,10200,10220,10210,10230,10290,10320,10390,10400,10410,10400,10420,10380,10340,10340,10370,10350,10340,10330,10310,10330,10350,10330,10320,10270
872,6520,6500,6510,6500,6530,6560,6580,6620,6680,6750,6810,6900,6950,7000,7040,7040,7100,7180,7210,7270,7380,7490,7580,7690,7750,7800,7920,7960,8090,8210,8260,8340,8520,8690,8750,8780,8830,8870,9030,9150,9170,9280,9320,9380,9520,9610,9700,9800,9830,9850,9900,9900,9880,9890,9880,9880,9970,9980,9960,9960,9980,10000,10040,10030,10000,10020,10030,10050,10020,10050,10040,10040,10080,10100,10130,10180,10200,10220,10210,10230,10290,10320,10390,10400,10410,10400,10420,10380,10340,10340,10370,10350,10340,10330,10310,10330,10350,10330,10320,10270,10210
873,6500,6510,6500,6530,6560,6580,6620,6680,6750,6810,6900,6950,7000,7040,7040,7100,7180,7210,7270,7380,7490,7580,7690,7750,7800,7920,7960,8090,8210,8260,8340,8520,8690,8750,8780,8830,8870,9030,9150,9170,9280,9320,9380,9520,9610,9700,9800,9830,9850,9900,9900,9880,9890,9880,9880,9970,9980,9960,9960,9980,10000,10040,10030,10000,10020,10030,10050,10020,10050,10040,10040,10080,10100,10130,10180,10200,10220,10210,10230,10290,10320,10390,10400,10410,10400,10420,10380,10340,10340,10370,10350,10340,10330,10310,10330,10350,10330,10320,10270,10210,10290
874,6510,6500,6530,6560,6580,6620,6680,6750,6810,6900,6950,7000,7040,7040,7100,7180,7210,7270,7380,7490,7580,7690,7750,7800,7920,7960,8090,8210,8260,8340,8520,8690,8750,8780,8830,8870,9030,9150,9170,9280,9320,9380,9520,9610,9700,9800,9830,9850,9900,9900,9880,9890,9880,9880,9970,9980,9960,9960,9980,10000,10040,10030,10000,10020,10030,10050,10020,10050,10040,10040,10080,10100,10130,10180,10200,10220,10210,10230,10290,10320,10390,10400,10410,10400,10420,10380,10340,10340,10370,10350,10340,10330,10310,10330,10350,10330,10320,10270,10210,10290,10340
875,6500,6530,6560,6580,6620,6680,6750,6810,6900,6950,7000,7040,7040,7100,7180,7210,7270,7380,7490,7580,7690,7750,7800,7920,7960,8090,8210,8260,8340,8520,8690,8750,8780,8830,8870,9030,9150,9170,9280,9320,9380,9520,9610,9700,9800,9830,9850,9900,9900,9880,9890,9880,9880,9970,9980,9960,9960,9980,10000,10040,10030,10000,10020,10030,10050,10020,10050,10040,10040,10080,10100,10130,10180,10200,10220,10210,10230,10290,10320,10390,10400,10410,10400,10420,10380,10340,10340,10370,10350,10340,10330,10310,10330,10350,10330,10320,10270,10210,10290,10340,10360
876,6530,6560,6580,6620,6680,6750,6810,6900,6950,7000,7040,7040,7100,7180,7210,7270,7380,7490,7580,7690,7750,7800,7920,7960,8090,8210,8260,8340,8520,8690,8750,8780,8830,8870,9030,9150,9170,9280,9320,9380,9520,9610,9700,9800,9830,9850,9900,9900,9880,9890,9880,9880,9970,9980,9960,9960,9980,10000,10040,10030,10000,10020,10030,10050,10020,10050,10040,10040,10080,10100,10130,10180,10200,10220,10210,10230,10290,10320,10390,10400,10410,10400,10420,10380,10340,10340,10370,10350,10340,10330,10310,10330,10350,10330,10320,10270,10210,10290,10340,10360,10320
877,6560,6580,6620,6680,6750,6810,6900,6950,7000,7040,7040,7100,7180,7210,7270,7380,7490,7580,7690,7750,7800,7920,7960,8090,8210,8260,8340,8520,8690,8750,8780,8830,8870,9030,9150,9170,9280,9320,9380,9520,9610,9700,9800,9830,9850,9900,9900,9880,9890,9880,9880,9970,9980,9960,9960,9980,10000,10040,10030,10000,10020,10030,10050,10020,10050,10040,10040,10080,10100,10130,10180,10200,10220,10210,10230,10290,10320,10390,10400,10410,10400,10420,10380,10340,10340,10370,10350,10340,10330,10310,10330,10350,10330,10320,10270,10210,10290,10340,10360,10320,10170
878,6580,6620,6680,6750,6810,6900,6950,7000,7040,7040,7100,7180,7210,7270,7380,7490,7580,7690,7750,7800,7920,7960,8090,8210,8260,8340,8520,8690,8750,8780,8830,8870,9030,9150,9170,9280,9320,9380,9520,9610,9700,9800,9830,9850,9900,9900,9880,9890,9880,9880,9970,9980,9960,9960,9980,10000,10040,10030,10000,10020,10030,10050,10020,10050,10040,10040,10080,10100,10130,10180,10200,10220,10210,10230,10290,10320,10390,10400,10410,10400,10420,10380,10340,10340,10370,10350,10340,10330,10310,10330,10350,10330,10320,10270,10210,10290,10340,10360,10320,10170,10030
879,6620,6680,6750,6810,6900,6950,7000,7040,7040,7100,7180,7210,7270,7380,7490,7580,7690,7750,7800,7920,7960,8090,8210,8260,8340,8520,8690,8750,8780,8830,8870,9030,9150,9170,9280,9320,9380,9520,9610,9700,9800,9830,9850,9900,9900,9880,9890,9880,9880,9970,9980,9960,9960,9980,10000,10040,10030,10000,10020,10030,10050,10020,10050,10040,10040,10080,10100,10130,10180,10200,10220,10210,10230,10290,10320,10390,10400,10410,10400,10420,10380,10340,10340,10370,10350,10340,10330,10310,10330,10350,10330,10320,10270,10210,10290,10340,10360,10320,10170,10030,9960
880,6680,6750,6810,6900,6950,7000,7040,7040,7100,7180,7210,7270,7380,7490,7580,7690,7750,7800,7920,7960,8090,8210,8260,8340,8520,8690,8750,8780,8830,8870,9030,9150,9170,9280,9320,9380,9520,9610,9700,9800,9830,9850,9900,9900,9880,9890,9880,9880,9970,9980,9960,9960,9980,10000,10040,10030,10000,10020,10030,10050,10020,10050,10040,10040,10080,10100,10130,10180,10200,10220,10210,10230,10290,10320,10390,10400,10410,10400,10420,10380,10340,10340,10370,10350,10340,10330,10310,10330,10350,10330,10320,10270,10210,10290,10340,10360,10320,10170,10030,9960,10000
881,6750,6810,6900,6950,7000,7040,7040,7100,7180,7210,7270,7380,7490,7580,7690,7750,7800,7920,7960,8090,8210,8260,8340,8520,8690,8750,8780,8830,8870,9030,9150,9170,9280,9320,9380,9520,9610,9700,9800,9830,9850,9900,9900,9880,9890,9880,9880,9970,9980,9960,9960,9980,10000,10040,10030,10000,10020,10030,10050,10020,10050,10040,10040,10080,10100,10130,10180,10200,10220,10210,10230,10290,10320,10390,10400,10410,10400,10420,10380,10340,10340,10370,10350,10340,10330,10310,10330,10350,10330,10320,10270,10210,10290,10340,10360,10320,10170,10030,9960,10000,9990
882,6810,6900,6950,7000,7040,7040,7100,7180,7210,7270,7380,7490,7580,7690,7750,7800,7920,7960,8090,8210,8260,8340,8520,8690,8750,8780,8830,8870,9030,9150,9170,9280,9320,9380,9520,9610,9700,9800,9830,9850,9900,9900,9880,9890,9880,9880,9970,9980,9960,9960,9980,10000,10040,10030,10000,10020,10030,10050,10020,10050,10040,10040,10080,10100,10130,10180,10200,10220,10210,10230,10290,10320,10390,10400,10410,10400,10420,10380,10340,10340,10370,10350,10340,10330,10310,10330,10350,10330,10320,10270,10210,10290,10340,10360,10320,10170,10030,9960,10000,9990,9940
883,6900,6950,7000,7040,7040,7100,7180,7210,7270,7380,7490,7580,7690,7750,7800,7920,7960,8090,8210,8260,8340,8520,8690,8750,8780,8830,8870,9030,9150,9170,9280,9320,9380,9520,9610,9700,9800,9830,9850,9900,9900,9880,9890,9880,9880,9970,9980,9960,9960,9980,10000,10040,10030,10000,10020,10030,10050,10020,10050,10040,10040,10080,10100,10130,10180,10200,10220,10210,10230,10290,10320,10390,10400,10410,10400,10420,10380,10340,10340,10370,10350,10340,10330,10310,10330,10350,10330,10320,10270,10210,10290,10340,10360,10320,10170,10030,9960,10000,9990,9940,9930
884,6950,7000,7040,7040,7100,7180,7210,7270,7380,7490,7580,7690,7750,7800,7920,7960,8090,8210,8260,8340,8520,8690,8750,8780,8830,8870,9030,9150,9170,9280,9320,9380,9520,9610,9700,9800,9830,9850,9900,9900,9880,9890,9880,9880,9970,9980,9960,9960,9980,10000,10040,10030,10000,10020,10030,10050,10020,10050,10040,10040,10080,10100,10130,10180,10200,10220,10210,10230,10290,10320,10390,10400,10410,10400,10420,10380,10340,10340,10370,10350,10340,10330,10310,10330,10350,10330,10320,10270,10210,10290,10340,10360,10320,10170,10030,9960,10000,9990,9940,9930,9940
885,7000,7040,7040,7100,7180,7210,7270,7380,7490,7580,7690,7750,7800,7920,7960,8090,8210,8260,8340,8520,8690,8750,8780,8830,8870,9030,9150,9170,9280,9320,9380,9520,9610,9700,9800,9830,9850,9900,9900,9880,9890,9880,9880,9970,9980,9960,9960,9980,10000,10040,10030,10000,10020,10030,10050,10020,10050,10040,10040,10080,10100,10130,10180,10200,10220,10210,10230,10290,10320,10390,10400,10410,10400,10420,10380,10340,10340,10370,10350,10340,10330,10310,10330,10350,10330,10320,10270,10210,10290,10340,10360,10320,10170,10030,9960,10000,9990,9940,9930,9940,9970
886,7040,7040,7100,7180,7210,7270,7380,7490,7580,7690,7750,7800,7920,7960,8090,8210,8260,8340,8520,8690,8750,8780,8830,8870,9030,9150,9170,9280,9320,9380,9520,9610,9700,9800,9830,9850,9900,9900,9880,9890,9880,9880,9970,9980,9960,9960,9980,10000,10040,10030,10000,10020,10030,10050,10020,10050,10040,10040,10080,10100,10130,10180,10200,10220,10210,10230,10290,10320,10390,10400,10410,10400,10420,10380,10340,10340,10370,10350,10340,10330,10310,10330,10350,10330,10320,10270,10210,10290,10340,10360,10320,10170,10030,9960,10000,9990,9940,9930,9940,9970,9980
887,7040,7100,7180,7210,7270,7380,7490,7580,7690,7750,7800,7920,7960,8090,8210,8260,8340,8520,8690,8750,8780,8830,8870,9030,9150,9170,9280,9320,9380,9520,9610,9700,9800,9830,9850,9900,9900,9880,9890,9880,9880,9970,9980,9960,9960,9980,10000,10040,10030,10000,10020,10030,10050,10020,10050,10040,10040,10080,10100,10130,10180,10200,10220,10210,10230,10290,10320,10390,10400,10410,10400,10420,10380,10340,10340,10370,10350,10340,10330,10310,10330,10350,10330,10320,10270,10210,10290,10340,10360,10320,10170,10030,9960,10000,9990,9940,9930,9940,9970,9980,9970
888,7100,7180,7210,7270,7380,7490,7580,7690,7750,7800,7920,7960,8090,8210,8260,8340,8520,8690,8750,8780,8830,8870,9030,9150,9170,9280,9320,9380,9520,9610,9700,9800,9830,9850,9900,9900,9880,9890,9880,9880,9970,9980,9960,9960,9980,10000,10040,10030,10000,10020,10030,10050,10020,10050,10040,10040,10080,10100,10130,10180,10200,10220,10210,10230,10290,10320,10390,10400,10410,10400,10420,10380,10340,10340,10370,10350,10340,10330,10310,10330,10350,10330,10320,10270,10210,10290,10340,10360,10320,10170,10030,9960,10000,9990,9940,9930,9940,9970,9980,9970,10050
889,7180,7210,7270,7380,7490,7580,7690,7750,7800,7920,7960,8090,8210,8260,8340,8520,8690,8750,8780,8830,8870,9030,9150,9170,9280,9320,9380,9520,9610,9700,9800,9830,9850,9900,9900,9880,9890,9880,9880,9970,9980,9960,9960,9980,10000,10040,10030,10000,10020,10030,10050,10020,10050,10040,10040,10080,10100,10130,10180,10200,10220,10210,10230,10290,10320,10390,10400,10410,10400,10420,10380,10340,10340,10370,10350,10340,10330,10310,10330,10350,10330,10320,10270,10210,10290,10340,10360,10320,10170,10030,9960,10000,9990,9940,9930,9940,9970,9980,9970,10050,10100
890,7210,7270,7380,7490,7580,7690,7750,7800,7920,7960,8090,8210,8260,8340,8520,8690,8750,8780,8830,8870,9030,9150,9170,9280,9320,9380,9520,9610,9700,9800,9830,9850,9900,9900,9880,9890,9880,9880,9970,9980,9960,9960,9980,10000,10040,10030,10000,10020,10030,10050,10020,10050,10040,10040,10080,10100,10130,10180,10200,10220,10210,10230,10290,10320,10390,10400,10410,10400,10420,10380,10340,10340,10370,10350,10340,10330,10310,10330,10350,10330,10320,10270,10210,10290,10340,10360,10320,10170,10030,9960,10000,9990,9940,9930,9940,9970,9980,9970,10050,10100,10120
891,7270,7380,7490,7580,7690,7750,7800,7920,7960,8090,8210,8260,8340,8520,8690,8750,8780,8830,8870,9030,9150,9170,9280,9320,9380,9520,9610,9700,9800,9830,9850,9900,9900,9880,9890,9880,9880,9970,9980,9960,9960,9980,10000,10040,10030,10000,10020,10030,10050,10020,10050,10040,10040,10080,10100,10130,10180,10200,10220,10210,10230,10290,10320,10390,10400,10410,10400,10420,10380,10340,10340,10370,10350,10340,10330,10310,10330,10350,10330,10320,10270,10210,10290,10340,10360,10320,10170,10030,9960,10000,9990,9940,9930,9940,9970,9980,9970,10050,10100,10120,10190
892,7380,7490,7580,7690,7750,7800,7920,7960,8090,8210,8260,8340,8520,8690,8750,8780,8830,8870,9030,9150,9170,9280,9320,9380,9520,9610,9700,9800,9830,9850,9900,9900,9880,9890,9880,9880,9970,9980,9960,9960,9980,10000,10040,10030,10000,10020,10030,10050,10020,10050,10040,10040,10080,10100,10130,10180,10200,10220,10210,10230,10290,10320,10390,10400,10410,10400,10420,10380,10340,10340,10370,10350,10340,10330,10310,10330,10350,10330,10320,10270,10210,10290,10340,10360,10320,10170,10030,9960,10000,9990,9940,9930,9940,9970,9980,9970,10050,10100,10120,10190,10260
893,7490,7580,7690,7750,7800,7920,7960,8090,8210,8260,8340,8520,8690,8750,8780,8830,8870,9030,9150,9170,9280,9320,9380,9520,9610,9700,9800,9830,9850,9900,9900,9880,9890,9880,9880,9970,9980,9960,9960,9980,10000,10040,10030,10000,10020,10030,10050,10020,10050,10040,10040,10080,10100,10130,10180,10200,10220,10210,10230,10290,10320,10390,10400,10410,10400,10420,10380,10340,10340,10370,10350,10340,10330,10310,10330,10350,10330,10320,10270,10210,10290,10340,10360,10320,10170,10030,9960,10000,9990,9940,9930,9940,9970,9980,9970,10050,10100,10120,10190,10260,10300
894,7580,7690,7750,7800,7920,7960,8090,8210,8260,8340,8520,8690,8750,8780,8830,8870,9030,9150,9170,9280,9320,9380,9520,9610,9700,9800,9830,9850,9900,9900,9880,9890,9880,9880,9970,9980,9960,9960,9980,10000,10040,10030,10000,10020,10030,10050,10020,10050,10040,10040,10080,10100,10130,10180,10200,10220,10210,10230,10290,10320,10390,10400,10410,10400,10420,10380,10340,10340,10370,10350,10340,10330,10310,10330,10350,10330,10320,10270,10210,10290,10340,10360,10320,10170,10030,9960,10000,9990,9940,9930,9940,9970,9980,9970,10050,10100,10120,10190,10260,10300,10350
895,7690,7750,7800,7920,7960,8090,8210,8260,8340,8520,8690,8750,8780,8830,8870,9030,9150,9170,9280,9320,9380,9520,9610,9700,9800,9830,9850,9900,9900,9880,9890,9880,9880,9970,9980,9960,9960,9980,10000,10040,10030,10000,10020,10030,10050,10020,10050,10040,10040,10080,10100,10130,10180,10200,10220,10210,10230,10290,10320,10390,10400,10410,10400,10420,10380,10340,10340,10370,10350,10340,10330,10310,10330,10350,10330,10320,10270,10210,10290,10340,10360,10320,10170,10030,9960,10000,9990,9940,9930,9940,9970,9980,9970,10050,10100,10120,10190,10260,10300,10350,10380
896,7750,7800,7920,7960,8090,8210,8260,8340,8520,8690,8750,8780,8830,8870,9030,9150,9170,9280,9320,9380,9520,9610,9700,9800,9830,9850,9900,9900,9880,9890,9880,9880,9970,9980,9960,9960,9980,10000,10040,10030,10000,10020,10030,10050,10020,10050,10040,10040,10080,10100,10130,10180,10200,10220,10210,10230,10290,10320,10390,10400,10410,10400,10420,10380,10340,10340,10370,10350,10340,10330,10310,10330,10350,10330,10320,10270,10210,10290,10340,10360,10320,10170,10030,9960,10000,9990,9940,9930,9940,9970,9980,9970,10050,10100,10120,10190,10260,10300,10350,10380,10370
897,7800,7920,7960,8090,8210,8260,8340,8520,8690,8750,8780,8830,8870,9030,9150,9170,9280,9320,9380,9520,9610,9700,9800,9830,9850,9900,9900,9880,9890,9880,9880,9970,9980,9960,9960,9980,10000,10040,10030,10000,10020,10030,10050,10020,10050,10040,10040,10080,10100,10130,10180,10200,10220,10210,10230,10290,10320,10390,10400,10410,10400,10420,10380,10340,10340,10370,10350,10340,10330,10310,10330,10350,10330,10320,10270,10210,10290,10340,10360,10320,10170,10030,9960,10000,9990,9940,9930,9940,9970,9980,9970,10050,10100,10120,10190,10260,10300,10350,10380,10370,10410
898,7920,7960,8090,8210,8260,8340,8520,8690,8750,8780,8830,8870,9030,9150,9170,9280,9320,9380,9520,9610,9700,9800,9830,9850,9900,9900,9880,9890,9880,9880,9970,9980,9960,9960,9980,10000,10040,10030,10000,10020,10030,10050,10020,10050,10040,10040,10080,10100,10130,10180,10200,10220,10210,10230,10290,10320,10390,10400,10410,10400,10420,10380,10340,10340,10370,10350,10340,10330,10310,10330,10350,10330,10320,10270,10210,10290,10340,10360,10320,10170,10030,9960,10000,9990,9940,9930,9940,9970,9980,9970,10050,10100,10120,10190,10260,10300,10350,10380,10370,10410,10420
899,7960,8090,8210,8260,8340,8520,8690,8750,8780,8830,8870,9030,9150,9170,9280,9320,9380,9520,9610,9700,9800,9830,9850,9900,9900,9880,9890,9880,9880,9970,9980,9960,9960,9980,10000,10040,10030,10000,10020,10030,10050,10020,10050,10040,10040,10080,10100,10130,10180,10200,10220,10210,10230,10290,10320,10390,10400,10410,10400,10420,10380,10340,10340,10370,10350,10340,10330,10310,10330,10350,10330,10320,10270,10210,10290,10340,10360,10320,10170,10030,9960,10000,9990,9940,9930,9940,9970,9980,9970,10050,10100,10120,10190,10260,10300,10350,10380,10370,10410,10420,10420
900,8090,8210,8260,8340,8520,8690,8750,8780,8830,8870,9030,9150,9170,9280,9320,9380,9520,9610,9700,9800,9830,9850,9900,9900,9880,9890,9880,9880,9970,9980,9960,9960,9980,10000,10040,10030,10000,10020,10030,10050,10020,10050,10040,10040,10080,10100,10130,10180,10200,10220,10210,10230,10290,10320,10390,10400,10410,10400,10420,10380,10340,10340,10370,10350,10340,10330,10310,10330,10350,10330,10320,10270,10210,10290,10340,10360,10320,10170,10030,9960,10000,9990,9940,9930,9940,9970,9980,9970,10050,10100,10120,10190,10260,10300,10350,10380,10370,10410,10420,10420,10460
901,8210,8260,8340,8520,8690,8750,8780,8830,8870,9030,9150,9170,9280,9320,9380,9520,9610,9700,9800,9830,9850,9900,9900,9880,9890,9880,9880,9970,9980,9960,9960,9980,10000,10040,10030,10000,10020,10030,10050,10020,10050,10040,10040,10080,10100,10130,10180,10200,10220,10210,10230,10290,10320,10390,10400,10410,10400,10420,10380,10340,10340,10370,10350,10340,10330,10310,10330,10350,10330,10320,10270,10210,10290,10340,10360,10320,10170,10030,9960,10000,9990,9940,9930,9940,9970,9980,9970,10050,10100,10120,10190,10260,10300,10350,10380,10370,10410,10420,10420,10460,10480
902,8260,8340,8520,8690,8750,8780,8830,8870,9030,9150,9170,9280,9320,9380,9520,9610,9700,9800,9830,9850,9900,9900,9880,9890,9880,9880,9970,9980,9960,9960,9980,10000,10040,10030,10000,10020,10030,10050,10020,10050,10040,10040,10080,10100,10130,10180,10200,10220,10210,10230,10290,10320,10390,10400,10410,10400,10420,10380,10340,10340,10370,10350,10340,10330,10310,10330,10350,10330,10320,10270,10210,10290,10340,10360,10320,10170,10030,9960,10000,9990,9940,9930,9940,9970,9980,9970,10050,10100,10120,10190,10260,10300,10350,10380,10370,10410,10420,10420,10460,10480,10490
903,8340,8520,8690,8750,8780,8830,8870,9030,9150,9170,9280,9320,9380,9520,9610,9700,9800,9830,9850,9900,9900,9880,9890,9880,9880,9970,9980,9960,9960,9980,10000,10040,10030,10000,10020,10030,10050,10020,10050,10040,10040,10080,10100,10130,10180,10200,10220,10210,10230,10290,10320,10390,10400,10410,10400,10420,10380,10340,10340,10370,10350,10340,10330,10310,10330,10350,10330,10320,10270,10210,10290,10340,10360,10320,10170,10030,9960,10000,9990,9940,9930,9940,9970,9980,9970,10050,10100,10120,10190,10260,10300,10350,10380,10370,10410,10420,10420,10460,10480,10490,10580
904,8520,8690,8750,8780,8830,8870,9030,9150,9170,9280,9320,9380,9520,9610,9700,9800,9830,9850,9900,9900,9880,9890,9880,9880,9970,9980,9960,9960,9980,10000,10040,10030,10000,10020,10030,10050,10020,10050,10040,10040,10080,10100,10130,10180,10200,10220,10210,10230,10290,10320,10390,10400,10410,10400,10420,10380,10340,10340,10370,10350,10340,10330,10310,10330,10350,10330,10320,10270,10210,10290,10340,10360,10320,10170,10030,9960,10000,9990,9940,9930,9940,9970,9980,9970,10050,10100,10120,10190,10260,10300,10350,10380,10370,10410,10420,10420,10460,10480,10490,10580,10650
905,8690,8750,8780,8830,8870,9030,9150,9170,9280,9320,9380,9520,9610,9700,9800,9830,9850,9900,9900,9880,9890,9880,9880,9970,9980,9960,9960,9980,10000,10040,10030,10000,10020,10030,10050,10020,10050,10040,10040,10080,10100,10130,10180,10200,10220,10210,10230,10290,10320,10390,10400,10410,10400,10420,10380,10340,10340,10370,10350,10340,10330,10310,10330,10350,10330,10320,10270,10210,10290,10340,10360,10320,10170,10030,9960,10000,9990,9940,9930,9940,9970,9980,9970,10050,10100,10120,10190,10260,10300,10350,10380,10370,10410,10420,10420,10460,10480,10490,10580,10650,10720
906,8750,8780,8830,8870,9030,9150,9170,9280,9320,9380,9520,9610,9700,9800,9830,9850,9900,9900,9880,9890,9880,9880,9970,9980,9960,9960,9980,10000,10040,10030,10000,10020,10030,10050,10020,10050,10040,10040,10080,10100,10130,10180,10200,10220,10210,10230,10290,10320,10390,10400,10410,10400,10420,10380,10340,10340,10370,10350,10340,10330,10310,10330,10350,10330,10320,10270,10210,10290,10340,10360,10320,10170,10030,9960,10000,9990,9940,9930,9940,9970,9980,9970,10050,10100,10120,10190,10260,10300,10350,10380,10370,10410,10420,10420,10460,10480,10490,10580,10650,10720,10790
907,8780,8830,8870,9030,9150,9170,9280,9320,9380,9520,9610,9700,9800,9830,9850,9900,9900,9880,9890,9880,9880,9970,9980,9960,9960,9980,10000,10040,10030,10000,10020,10030,10050,10020,10050,10040,10040,10080,10100,10130,10180,10200,10220,10210,10230,10290,10320,10390,10400,10410,10400,10420,10380,10340,10340,10370,10350,10340,10330,10310,10330,10350,10330,10320,10270,10210,10290,10340,10360,10320,10170,10030,9960,10000,9990,9940,9930,9940,9970,9980,9970,10050,10100,10120,10190,10260,10300,10350,10380,10370,10410,10420,10420,10460,10480,10490,10580,10650,10720,10790,10800
908,8830,8870,9030,9150,9170,9280,9320,9380,9520,9610,9700,9800,9830,9850,9900,9900,9880,9890,9880,9880,9970,9980,9960,9960,9980,10000,10040,10030,10000,10020,10030,10050,10020,10050,10040,10040,10080,10100,10130,10180,10200,10220,10210,10230,10290,10320,10390,10400,10410,10400,10420,10380,10340,10340,10370,10350,10340,10330,10310,10330,10350,10330,10320,10270,10210,10290,10340,10360,10320,10170,10030,9960,10000,9990,9940,9930,9940,9970,9980,9970,10050,10100,10120,10190,10260,10300,10350,10380,10370,10410,10420,10420,10460,10480,10490,10580,10650,10720,10790,10800,10810
909,8870,9030,9150,9170,9280,9320,9380,9520,9610,9700,9800,9830,9850,9900,9900,9880,9890,9880,9880,9970,9980,9960,9960,9980,10000,10040,10030,10000,10020,10030,10050,10020,10050,10040,10040,10080,10100,10130,10180,10200,10220,10210,10230,10290,10320,10390,10400,10410,10400,10420,10380,10340,10340,10370,10350,10340,10330,10310,10330,10350,10330,10320,10270,10210,10290,10340,10360,10320,10170,10030,9960,10000,9990,9940,9930,9940,9970,9980,9970,10050,10100,10120,10190,10260,10300,10350,10380,10370,10410,10420,10420,10460,10480,10490,10580,10650,10720,10790,10800,10810,10820
910,9030,9150,9170,9280,9320,9380,9520,9610,9700,9800,9830,9850,9900,9900,9880,9890,9880,9880,9970,9980,9960,9960,9980,10000,10040,10030,10000,10020,10030,10050,10020,10050,10040,10040,10080,10100,10130,10180,10200,10220,10210,10230,10290,10320,10390,10400,10410,10400,10420,10380,10340,10340,10370,10350,10340,10330,10310,10330,10350,10330,10320,10270,10210,10290,10340,10360,10320,10170,10030,9960,10000,9990,9940,9930,9940,9970,9980,9970,10050,10100,10120,10190,10260,10300,10350,10380,10370,10410,10420,10420,10460,10480,10490,10580,10650,10720,10790,10800,10810,10820,10830
911,9150,9170,9280,9320,9380,9520,9610,9700,9800,9830,9850,9900,9900,9880,9890,9880,9880,9970,9980,9960,9960,9980,10000,10040,10030,10000,10020,10030,10050,10020,10050,10040,10040,10080,10100,10130,10180,10200,10220,10210,10230,10290,10320,10390,10400,10410,10400,10420,10380,10340,10340,10370,10350,10340,10330,10310,10330,10350,10330,10320,10270,10210,10290,10340,10360,10320,10170,10030,9960,10000,9990,9940,9930,9940,9970,9980,9970,10050,10100,10120,10190,10260,10300,10350,10380,10370,10410,10420,10420,10460,10480,10490,10580,10650,10720,10790,10800,10810,10820,10830,10900
912,9170,9280,9320,9380,9520,9610,9700,9800,9830,9850,9900,9900,9880,9890,9880,9880,9970,9980,9960,9960,9980,10000,10040,10030,10000,10020,10030,10050,10020,10050,10040,10040,10080,10100,10130,10180,10200,10220,10210,10230,10290,10320,10390,10400,10410,10400,10420,10380,10340,10340,10370,10350,10340,10330,10310,10330,10350,10330,10320,10270,10210,10290,10340,10360,10320,10170,10030,9960,10000,9990,9940,9930,9940,9970,9980,9970,10050,10100,10120,10190,10260,10300,10350,10380,10370,10410,10420,10420,10460,10480,10490,10580,10650,10720,10790,10800,10810,10820,10830,10900,11050
913,9280,9320,9380,9520,9610,9700,9800,9830,9850,9900,9900,9880,9890,9880,9880,9970,9980,9960,9960,9980,10000,10040,10030,10000,10020,10030,10050,10020,10050,10040,10040,10080,10100,10130,10180,10200,10220,10210,10230,10290,10320,10390,10400,10410,10400,10420,10380,10340,10340,10370,10350,10340,10330,10310,10330,10350,10330,10320,10270,10210,10290,10340,10360,10320,10170,10030,9960,10000,9990,9940,9930,9940,9970,9980,9970,10050,10100,10120,10190,10260,10300,10350,10380,10370,10410,10420,10420,10460,10480,10490,10580,10650,10720,10790,10800,10810,10820,10830,10900,11050,11080
914,9320,9380,9520,9610,9700,9800,9830,9850,9900,9900,9880,9890,9880,9880,9970,9980,9960,9960,9980,10000,10040,10030,10000,10020,10030,10050,10020,10050,10040,10040,10080,10100,10130,10180,10200,10220,10210,10230,10290,10320,10390,10400,10410,10400,10420,10380,10340,10340,10370,10350,10340,10330,10310,10330,10350,10330,10320,10270,10210,10290,10340,10360,10320,10170,10030,9960,10000,9990,9940,9930,9940,9970,9980,9970,10050,10100,10120,10190,10260,10300,10350,10380,10370,10410,10420,10420,10460,10480,10490,10580,10650,10720,10790,10800,10810,10820,10830,10900,11050,11080,11150
915,9380,9520,9610,9700,9800,9830,9850,9900,9900,9880,9890,9880,9880,9970,9980,9960,9960,9980,10000,10040,10030,10000,10020,10030,10050,10020,10050,10040,10040,10080,10100,10130,10180,10200,10220,10210,10230,10290,10320,10390,10400,10410,10400,10420,10380,10340,10340,10370,10350,10340,10330,10310,10330,10350,10330,10320,10270,10210,10290,10340,10360,10320,10170,10030,9960,10000,9990,9940,9930,9940,9970,9980,9970,10050,10100,10120,10190,10260,10300,10350,10380,10370,10410,10420,10420,10460,10480,10490,10580,10650,10720,10790,10800,10810,10820,10830,10900,11050,11080,11150,11230
916,9520,9610,9700,9800,9830,9850,9900,9900,9880,9890,9880,9880,9970,9980,9960,9960,9980,10000,10040,10030,10000,10020,10030,10050,10020,10050,10040,10040,10080,10100,10130,10180,10200,10220,10210,10230,10290,10320,10390,10400,10410,10400,10420,10380,10340,10340,10370,10350,10340,10330,10310,10330,10350,10330,10320,10270,10210,10290,10340,10360,10320,10170,10030,9960,10000,9990,9940,9930,9940,9970,9980,9970,10050,10100,10120,10190,10260,10300,10350,10380,10370,10410,10420,10420,10460,10480,10490,10580,10650,10720,10790,10800,10810,10820,10830,10900,11050,11080,11150,11230,11320
917,9610,9700,9800,9830,9850,9900,9900,9880,9890,9880,9880,9970,9980,9960,9960,9980,10000,10040,10030,10000,10020,10030,10050,10020,10050,10040,10040,10080,10100,10130,10180,10200,10220,10210,10230,10290,10320,10390,10400,10410,10400,10420,10380,10340,10340,10370,10350,10340,10330,10310,10330,10350,10330,10320,10270,10210,10290,10340,10360,10320,10170,10030,9960,10000,9990,9940,9930,9940,9970,9980,9970,10050,10100,10120,10190,10260,10300,10350,10380,10370,10410,10420,10420,10460,10480,10490,10580,10650,10720,10790,10800,10810,10820,10830,10900,11050,11080,11150,11230,11320,11290
918,9700,9800,9830,9850,9900,9900,9880,9890,9880,9880,9970,9980,9960,9960,9980,10000,10040,10030,10000,10020,10030,10050,10020,10050,10040,10040,10080,10100,10130,10180,10200,10220,10210,10230,10290,10320,10390,10400,10410,10400,10420,10380,10340,10340,10370,10350,10340,10330,10310,10330,10350,10330,10320,10270,10210,10290,10340,10360,10320,10170,10030,9960,10000,9990,9940,9930,9940,9970,9980,9970,10050,10100,10120,10190,10260,10300,10350,10380,10370,10410,10420,10420,10460,10480,10490,10580,10650,10720,10790,10800,10810,10820,10830,10900,11050,11080,11150,11230,11320,11290,11280
919,9800,9830,9850,9900,9900,9880,9890,9880,9880,9970,9980,9960,9960,9980,10000,10040,10030,10000,10020,10030,10050,10020,10050,10040,10040,10080,10100,10130,10180,10200,10220,10210,10230,10290,10320,10390,10400,10410,10400,10420,10380,10340,10340,10370,10350,10340,10330,10310,10330,10350,10330,10320,10270,10210,10290,10340,10360,10320,10170,10030,9960,10000,9990,9940,9930,9940,9970,9980,9970,10050,10100,10120,10190,10260,10300,10350,10380,10370,10410,10420,10420,10460,10480,10490,10580,10650,10720,10790,10800,10810,10820,10830,10900,11050,11080,11150,11230,11320,11290,11280,11200
920,9830,9850,9900,9900,9880,9890,9880,9880,9970,9980,9960,9960,9980,10000,10040,10030,10000,10020,10030,10050,10020,10050,10040,10040,10080,10100,10130,10180,10200,10220,10210,10230,10290,10320,10390,10400,10410,10400,10420,10380,10340,10340,10370,10350,10340,10330,10310,10330,10350,10330,10320,10270,10210,10290,10340,10360,10320,10170,10030,9960,10000,9990,9940,9930,9940,9970,9980,9970,10050,10100,10120,10190,10260,10300,10350,10380,10370,10410,10420,10420,10460,10480,10490,10580,10650,10720,10790,10800,10810,10820,10830,10900,11050,11080,11150,11230,11320,11290,11280,11200,11240
921,9850,9900,9900,9880,9890,9880,9880,9970,9980,9960,9960,9980,10000,10040,10030,10000,10020,10030,10050,10020,10050,10040,10040,10080,10100,10130,10180,10200,10220,10210,10230,10290,10320,10390,10400,10410,10400,10420,10380,10340,10340,10370,10350,10340,10330,10310,10330,10350,10330,10320,10270,10210,10290,10340,10360,10320,10170,10030,9960,10000,9990,9940,9930,9940,9970,9980,9970,10050,10100,10120,10190,10260,10300,10350,10380,10370,10410,10420,10420,10460,10480,10490,10580,10650,10720,10790,10800,10810,10820,10830,10900,11050,11080,11150,11230,11320,11290,11280,11200,11240,11280
922,9900,9900,9880,9890,9880,9880,9970,9980,9960,9960,9980,10000,10040,10030,10000,10020,10030,10050,10020,10050,10040,10040,10080,10100,10130,10180,10200,10220,10210,10230,10290,10320,10390,10400,10410,10400,10420,10380,10340,10340,10370,10350,10340,10330,10310,10330,10350,10330,10320,10270,10210,10290,10340,10360,10320,10170,10030,9960,10000,9990,9940,9930,9940,9970,9980,9970,10050,10100,10120,10190,10260,10300,10350,10380,10370,10410,10420,10420,10460,10480,10490,10580,10650,10720,10790,10800,10810,10820,10830,10900,11050,11080,11150,11230,11320,11290,11280,11200,11240,11280,11270
923,9900,9880,9890,9880,9880,9970,9980,9960,9960,9980,10000,10040,10030,10000,10020,10030,10050,10020,10050,10040,10040,10080,10100,10130,10180,10200,10220,10210,10230,10290,10320,10390,10400,10410,10400,10420,10380,10340,10340,10370,10350,10340,10330,10310,10330,10350,10330,10320,10270,10210,10290,10340,10360,10320,10170,10030,9960,10000,9990,9940,9930,9940,9970,9980,9970,10050,10100,10120,10190,10260,10300,10350,10380,10370,10410,10420,10420,10460,10480,10490,10580,10650,10720,10790,10800,10810,10820,10830,10900,11050,11080,11150,11230,11320,11290,11280,11200,11240,11280,11270,11300
924,9880,9890,9880,9880,9970,9980,9960,9960,9980,10000,10040,10030,10000,10020,10030,10050,10020,10050,10040,10040,10080,10100,10130,10180,10200,10220,10210,10230,10290,10320,10390,10400,10410,10400,10420,10380,10340,10340,10370,10350,10340,10330,10310,10330,10350,10330,10320,10270,10210,10290,10340,10360,10320,10170,10030,9960,10000,9990,9940,9930,9940,9970,9980,9970,10050,10100,10120,10190,10260,10300,10350,10380,10370,10410,10420,10420,10460,10480,10490,10580,10650,10720,10790,10800,10810,10820,10830,10900,11050,11080,11150,11230,11320,11290,11280,11200,11240,11280,11270,11300,11490
925,9890,9880,9880,9970,9980,9960,9960,9980,10000,10040,10030,10000,10020,10030,10050,10020,10050,10040,10040,10080,10100,10130,10180,10200,10220,10210,10230,10290,10320,10390,10400,10410,10400,10420,10380,10340,10340,10370,10350,10340,10330,10310,10330,10350,10330,10320,10270,10210,10290,10340,10360,10320,10170,10030,9960,10000,9990,9940,9930,9940,9970,9980,9970,10050,10100,10120,10190,10260,10300,10350,10380,10370,10410,10420,10420,10460,10480,10490,10580,10650,10720,10790,10800,10810,10820,10830,10900,11050,11080,11150,11230,11320,11290,11280,11200,11240,11280,11270,11300,11490,11440
926,9880,9880,9970,9980,9960,9960,9980,10000,10040,10030,10000,10020,10030,10050,10020,10050,10040,10040,10080,10100,10130,10180,10200,10220,10210,10230,10290,10320,10390,10400,10410,10400,10420,10380,10340,10340,10370,10350,10340,10330,10310,10330,10350,10330,10320,10270,10210,10290,10340,10360,10320,10170,10030,9960,10000,9990,9940,9930,9940,9970,9980,9970,10050,10100,10120,10190,10260,10300,10350,10380,10370,10410,10420,10420,10460,10480,10490,10580,10650,10720,10790,10800,10810,10820,10830,10900,11050,11080,11150,11230,11320,11290,11280,11200,11240,11280,11270,11300,11490,11440,11420
927,9880,9970,9980,9960,9960,9980,10000,10040,10030,10000,10020,10030,10050,10020,10050,10040,10040,10080,10100,10130,10180,10200,10220,10210,10230,10290,10320,10390,10400,10410,10400,10420,10380,10340,10340,10370,10350,10340,10330,10310,10330,10350,10330,10320,10270,10210,10290,10340,10360,10320,10170,10030,9960,10000,9990,9940,9930,9940,9970,9980,9970,10050,10100,10120,10190,10260,10300,10350,10380,10370,10410,10420,10420,10460,10480,10490,10580,10650,10720,10790,10800,10810,10820,10830,10900,11050,11080,11150,11230,11320,11290,11280,11200,11240,11280,11270,11300,11490,11440,11420,11410
928,9970,9980,9960,9960,9980,10000,10040,10030,10000,10020,10030,10050,10020,10050,10040,10040,10080,10100,10130,10180,10200,10220,10210,10230,10290,10320,10390,10400,10410,10400,10420,10380,10340,10340,10370,10350,10340,10330,10310,10330,10350,10330,10320,10270,10210,10290,10340,10360,10320,10170,10030,9960,10000,9990,9940,9930,9940,9970,9980,9970,10050,10100,10120,10190,10260,10300,10350,10380,10370,10410,10420,10420,10460,10480,10490,10580,10650,10720,10790,10800,10810,10820,10830,10900,11050,11080,11150,11230,11320,11290,11280,11200,11240,11280,11270,11300,11490,11440,11420,11410,11460
929,9980,9960,9960,9980,10000,10040,10030,10000,10020,10030,10050,10020,10050,10040,10040,10080,10100,10130,10180,10200,10220,10210,10230,10290,10320,10390,10400,10410,10400,10420,10380,10340,10340,10370,10350,10340,10330,10310,10330,10350,10330,10320,10270,10210,10290,10340,10360,10320,10170,10030,9960,10000,9990,9940,9930,9940,9970,9980,9970,10050,10100,10120,10190,10260,10300,10350,10380,10370,10410,10420,10420,10460,10480,10490,10580,10650,10720,10790,10800,10810,10820,10830,10900,11050,11080,11150,11230,11320,11290,11280,11200,11240,11280,11270,11300,11490,11440,11420,11410,11460,11430
930,9960,9960,9980,10000,10040,10030,10000,10020,10030,10050,10020,10050,10040,10040,10080,10100,10130,10180,10200,10220,10210,10230,10290,10320,10390,10400,10410,10400,10420,10380,10340,10340,10370,10350,10340,10330,10310,10330,10350,10330,10320,10270,10210,10290,10340,10360,10320,10170,10030,9960,10000,9990,9940,9930,9940,9970,9980,9970,10050,10100,10120,10190,10260,10300,10350,10380,10370,10410,10420,10420,10460,10480,10490,10580,10650,10720,10790,10800,10810,10820,10830,10900,11050,11080,11150,11230,11320,11290,11280,11200,11240,11280,11270,11300,11490,11440,11420,11410,11460,11430,11450
931,9960,9980,10000,10040,10030,10000,10020,10030,10050,10020,10050,10040,10040,10080,10100,10130,10180,10200,10220,10210,10230,10290,10320,10390,10400,10410,10400,10420,10380,10340,10340,10370,10350,10340,10330,10310,10330,10350,10330,10320,10270,10210,10290,10340,10360,10320,10170,10030,9960,10000,9990,9940,9930,9940,9970,9980,9970,10050,10100,10120,10190,10260,10300,10350,10380,10370,10410,10420,10420,10460,10480,10490,10580,10650,10720,10790,10800,10810,10820,10830,10900,11050,11080,11150,11230,11320,11290,11280,11200,11240,11280,11270,11300,11490,11440,11420,11410,11460,11430,11450,11650
932,9980,10000,10040,10030,10000,10020,10030,10050,10020,10050,10040,10040,10080,10100,10130,10180,10200,10220,10210,10230,10290,10320,10390,10400,10410,10400,10420,10380,10340,10340,10370,10350,10340,10330,10310,10330,10350,10330,10320,10270,10210,10290,10340,10360,10320,10170,10030,9960,10000,9990,9940,9930,9940,9970,9980,9970,10050,10100,10120,10190,10260,10300,10350,10380,10370,10410,10420,10420,10460,10480,10490,10580,10650,10720,10790,10800,10810,10820,10830,10900,11050,11080,11150,11230,11320,11290,11280,11200,11240,11280,11270,11300,11490,11440,11420,11410,11460,11430,11450,11650,11840
933,10000,10040,10030,10000,10020,10030,10050,10020,10050,10040,10040,10080,10100,10130,10180,10200,10220,10210,10230,10290,10320,10390,10400,10410,10400,10420,10380,10340,10340,10370,10350,10340,10330,10310,10330,10350,10330,10320,10270,10210,10290,10340,10360,10320,10170,10030,9960,10000,9990,9940,9930,9940,9970,9980,9970,10050,10100,10120,10190,10260,10300,10350,10380,10370,10410,10420,10420,10460,10480,10490,10580,10650,10720,10790,10800,10810,10820,10830,10900,11050,11080,11150,11230,11320,11290,11280,11200,11240,11280,11270,11300,11490,11440,11420,11410,11460,11430,11450,11650,11840,12080
934,10040,10030,10000,10020,10030,10050,10020,10050,10040,10040,10080,10100,10130,10180,10200,10220,10210,10230,10290,10320,10390,10400,10410,10400,10420,10380,10340,10340,10370,10350,10340,10330,10310,10330,10350,10330,10320,10270,10210,10290,10340,10360,10320,10170,10030,9960,10000,9990,9940,9930,9940,9970,9980,9970,10050,10100,10120,10190,10260,10300,10350,10380,10370,10410,10420,10420,10460,10480,10490,10580,10650,10720,10790,10800,10810,10820,10830,10900,11050,11080,11150,11230,11320,11290,11280,11200,11240,11280,11270,11300,11490,11440,11420,11410,11460,11430,11450,11650,11840,12080,12010
935,10030,10000,10020,10030,10050,10020,10050,10040,10040,10080,10100,10130,10180,10200,10220,10210,10230,10290,10320,10390,10400,10410,10400,10420,10380,10340,10340,10370,10350,10340,10330,10310,10330,10350,10330,10320,10270,10210,10290,10340,10360,10320,10170,10030,9960,10000,9990,9940,9930,9940,9970,9980,9970,10050,10100,10120,10190,10260,10300,10350,10380,10370,10410,10420,10420,10460,10480,10490,10580,10650,10720,10790,10800,10810,10820,10830,10900,11050,11080,11150,11230,11320,11290,11280,11200,11240,11280,11270,11300,11490,11440,11420,11410,11460,11430,11450,11650,11840,12080,12010,11870
936,10000,10020,10030,10050,10020,10050,10040,10040,10080,10100,10130,10180,10200,10220,10210,10230,10290,10320,10390,10400,10410,10400,10420,10380,10340,10340,10370,10350,10340,10330,10310,10330,10350,10330,10320,10270,10210,10290,10340,10360,10320,10170,10030,9960,10000,9990,9940,9930,9940,9970,9980,9970,10050,10100,10120,10190,10260,10300,10350,10380,10370,10410,10420,10420,10460,10480,10490,10580,10650,10720,10790,10800,10810,10820,10830,10900,11050,11080,11150,11230,11320,11290,11280,11200,11240,11280,11270,11300,11490,11440,11420,11410,11460,11430,11450,11650,11840,12080,12010,11870,11900
937,10020,10030,10050,10020,10050,10040,10040,10080,10100,10130,10180,10200,10220,10210,10230,10290,10320,10390,10400,10410,10400,10420,10380,10340,10340,10370,10350,10340,10330,10310,10330,10350,10330,10320,10270,10210,10290,10340,10360,10320,10170,10030,9960,10000,9990,9940,9930,9940,9970,9980,9970,10050,10100,10120,10190,10260,10300,10350,10380,10370,10410,10420,10420,10460,10480,10490,10580,10650,10720,10790,10800,10810,10820,10830,10900,11050,11080,11150,11230,11320,11290,11280,11200,11240,11280,11270,11300,11490,11440,11420,11410,11460,11430,11450,11650,11840,12080,12010,11870,11900,11720
938,10030,10050,10020,10050,10040,10040,10080,10100,10130,10180,10200,10220,10210,10230,10290,10320,10390,10400,10410,10400,10420,10380,10340,10340,10370,10350,10340,10330,10310,10330,10350,10330,10320,10270,10210,10290,10340,10360,10320,10170,10030,9960,10000,9990,9940,9930,9940,9970,9980,9970,10050,10100,10120,10190,10260,10300,10350,10380,10370,10410,10420,10420,10460,10480,10490,10580,10650,10720,10790,10800,10810,10820,10830,10900,11050,11080,11150,11230,11320,11290,11280,11200,11240,11280,11270,11300,11490,11440,11420,11410,11460,11430,11450,11650,11840,12080,12010,11870,11900,11720,11620
939,10050,10020,10050,10040,10040,10080,10100,10130,10180,10200,10220,10210,10230,10290,10320,10390,10400,10410,10400,10420,10380,10340,10340,10370,10350,10340,10330,10310,10330,10350,10330,10320,10270,10210,10290,10340,10360,10320,10170,10030,9960,10000,9990,9940,9930,9940,9970,9980,9970,10050,10100,10120,10190,10260,10300,10350,10380,10370,10410,10420,10420,10460,10480,10490,10580,10650,10720,10790,10800,10810,10820,10830,10900,11050,11080,11150,11230,11320,11290,11280,11200,11240,11280,11270,11300,11490,11440,11420,11410,11460,11430,11450,11650,11840,12080,12010,11870,11900,11720,11620,11600
940,10020,10050,10040,10040,10080,10100,10130,10180,10200,10220,10210,10230,10290,10320,10390,10400,10410,10400,10420,10380,10340,10340,10370,10350,10340,10330,10310,10330,10350,10330,10320,10270,10210,10290,10340,10360,10320,10170,10030,9960,10000,9990,9940,9930,9940,9970,9980,9970,10050,10100,10120,10190,10260,10300,10350,10380,10370,10410,10420,10420,10460,10480,10490,10580,10650,10720,10790,10800,10810,10820,10830,10900,11050,11080,11150,11230,11320,11290,11280,11200,11240,11280,11270,11300,11490,11440,11420,11410,11460,11430,11450,11650,11840,12080,12010,11870,11900,11720,11620,11600,11650
941,10050,10040,10040,10080,10100,10130,10180,10200,10220,10210,10230,10290,10320,10390,10400,10410,10400,10420,10380,10340,10340,10370,10350,10340,10330,10310,10330,10350,10330,10320,10270,10210,10290,10340,10360,10320,10170,10030,9960,10000,9990,9940,9930,9940,9970,9980,9970,10050,10100,10120,10190,10260,10300,10350,10380,10370,10410,10420,10420,10460,10480,10490,10580,10650,10720,10790,10800,10810,10820,10830,10900,11050,11080,11150,11230,11320,11290,11280,11200,11240,11280,11270,11300,11490,11440,11420,11410,11460,11430,11450,11650,11840,12080,12010,11870,11900,11720,11620,11600,11650,11640
942,10040,10040,10080,10100,10130,10180,10200,10220,10210,10230,10290,10320,10390,10400,10410,10400,10420,10380,10340,10340,10370,10350,10340,10330,10310,10330,10350,10330,10320,10270,10210,10290,10340,10360,10320,10170,10030,9960,10000,9990,9940,9930,9940,9970,9980,9970,10050,10100,10120,10190,10260,10300,10350,10380,10370,10410,10420,10420,10460,10480,10490,10580,10650,10720,10790,10800,10810,10820,10830,10900,11050,11080,11150,11230,11320,11290,11280,11200,11240,11280,11270,11300,11490,11440,11420,11410,11460,11430,11450,11650,11840,12080,12010,11870,11900,11720,11620,11600,11650,11640,11610
943,10040,10080,10100,10130,10180,10200,10220,10210,10230,10290,10320,10390,10400,10410,10400,10420,10380,10340,10340,10370,10350,10340,10330,10310,10330,10350,10330,10320,10270,10210,10290,10340,10360,10320,10170,10030,9960,10000,9990,9940,9930,9940,9970,9980,9970,10050,10100,10120,10190,10260,10300,10350,10380,10370,10410,10420,10420,10460,10480,10490,10580,10650,10720,10790,10800,10810,10820,10830,10900,11050,11080,11150,11230,11320,11290,11280,11200,11240,11280,11270,11300,11490,11440,11420,11410,11460,11430,11450,11650,11840,12080,12010,11870,11900,11720,11620,11600,11650,11640,11610,11620
944,10080,10100,10130,10180,10200,10220,10210,10230,10290,10320,10390,10400,10410,10400,10420,10380,10340,10340,10370,10350,10340,10330,10310,10330,10350,10330,10320,10270,10210,10290,10340,10360,10320,10170,10030,9960,10000,9990,9940,9930,9940,9970,9980,9970,10050,10100,10120,10190,10260,10300,10350,10380,10370,10410,10420,10420,10460,10480,10490,10580,10650,10720,10790,10800,10810,10820,10830,10900,11050,11080,11150,11230,11320,11290,11280,11200,11240,11280,11270,11300,11490,11440,11420,11410,11460,11430,11450,11650,11840,12080,12010,11870,11900,11720,11620,11600,11650,11640,11610,11620,11610
945,10100,10130,10180,10200,10220,10210,10230,10290,10320,10390,10400,10410,10400,10420,10380,10340,10340,10370,10350,10340,10330,10310,10330,10350,10330,10320,10270,10210,10290,10340,10360,10320,10170,10030,9960,10000,9990,9940,9930,9940,9970,9980,9970,10050,10100,10120,10190,10260,10300,10350,10380,10370,10410,10420,10420,10460,10480,10490,10580,10650,10720,10790,10800,10810,10820,10830,10900,11050,11080,11150,11230,11320,11290,11280,11200,11240,11280,11270,11300,11490,11440,11420,11410,11460,11430,11450,11650,11840,12080,12010,11870,11900,11720,11620,11600,11650,11640,11610,11620,11610,11640
946,10130,10180,10200,10220,10210,10230,10290,10320,10390,10400,10410,10400,10420,10380,10340,10340,10370,10350,10340,10330,10310,10330,10350,10330,10320,10270,10210,10290,10340,10360,10320,10170,10030,9960,10000,9990,9940,9930,9940,9970,9980,9970,10050,10100,10120,10190,10260,10300,10350,10380,10370,10410,10420,10420,10460,10480,10490,10580,10650,10720,10790,10800,10810,10820,10830,10900,11050,11080,11150,11230,11320,11290,11280,11200,11240,11280,11270,11300,11490,11440,11420,11410,11460,11430,11450,11650,11840,12080,12010,11870,11900,11720,11620,11600,11650,11640,11610,11620,11610,11640,11640
947,10180,10200,10220,10210,10230,10290,10320,10390,10400,10410,10400,10420,10380,10340,10340,10370,10350,10340,10330,10310,10330,10350,10330,10320,10270,10210,10290,10340,10360,10320,10170,10030,9960,10000,9990,9940,9930,9940,9970,9980,9970,10050,10100,10120,10190,10260,10300,10350,10380,10370,10410,10420,10420,10460,10480,10490,10580,10650,10720,10790,10800,10810,10820,10830,10900,11050,11080,11150,11230,11320,11290,11280,11200,11240,11280,11270,11300,11490,11440,11420,11410,11460,11430,11450,11650,11840,12080,12010,11870,11900,11720,11620,11600,11650,11640,11610,11620,11610,11640,11640,11590
948,10200,10220,10210,10230,10290,10320,10390,10400,10410,10400,10420,10380,10340,10340,10370,10350,10340,10330,10310,10330,10350,10330,10320,10270,10210,10290,10340,10360,10320,10170,10030,9960,10000,9990,9940,9930,9940,9970,9980,9970,10050,10100,10120,10190,10260,10300,10350,10380,10370,10410,10420,10420,10460,10480,10490,10580,10650,10720,10790,10800,10810,10820,10830,10900,11050,11080,11150,11230,11320,11290,11280,11200,11240,11280,11270,11300,11490,11440,11420,11410,11460,11430,11450,11650,11840,12080,12010,11870,11900,11720,11620,11600,11650,11640,11610,11620,11610,11640,11640,11590,11560
949,10220,10210,10230,10290,10320,10390,10400,10410,10400,10420,10380,10340,10340,10370,10350,10340,10330,10310,10330,10350,10330,10320,10270,10210,10290,10340,10360,10320,10170,10030,9960,10000,9990,9940,9930,9940,9970,9980,9970,10050,10100,10120,10190,10260,10300,10350,10380,10370,10410,10420,10420,10460,10480,10490,10580,10650,10720,10790,10800,10810,10820,10830,10900,11050,11080,11150,11230,11320,11290,11280,11200,11240,11280,11270,11300,11490,11440,11420,11410,11460,11430,11450,11650,11840,12080,12010,11870,11900,11720,11620,11600,11650,11640,11610,11620,11610,11640,11640,11590,11560,11600
950,10210,10230,10290,10320,10390,10400,10410,10400,10420,10380,10340,10340,10370,10350,10340,10330,10310,10330,10350,10330,10320,10270,10210,10290,10340,10360,10320,10170,10030,9960,10000,9990,9940,9930,9940,9970,9980,9970,10050,10100,10120,10190,10260,10300,10350,10380,10370,10410,10420,10420,10460,10480,10490,10580,10650,10720,10790,10800,10810,10820,10830,10900,11050,11080,11150,11230,11320,11290,11280,11200,11240,11280,11270,11300,11490,11440,11420,11410,11460,11430,11450,11650,11840,12080,12010,11870,11900,11720,11620,11600,11650,11640,11610,11620,11610,11640,11640,11590,11560,11600,11610
951,10230,10290,10320,10390,10400,10410,10400,10420,10380,10340,10340,10370,10350,10340,10330,10310,10330,10350,10330,10320,10270,10210,10290,10340,10360,10320,10170,10030,9960,10000,9990,9940,9930,9940,9970,9980,9970,10050,10100,10120,10190,10260,10300,10350,10380,10370,10410,10420,10420,10460,10480,10490,10580,10650,10720,10790,10800,10810,10820,10830,10900,11050,11080,11150,11230,11320,11290,11280,11200,11240,11280,11270,11300,11490,11440,11420,11410,11460,11430,11450,11650,11840,12080,12010,11870,11900,11720,11620,11600,11650,11640,11610,11620,11610,11640,11640,11590,11560,11600,11610,11630
952,10290,10320,10390,10400,10410,10400,10420,10380,10340,10340,10370,10350,10340,10330,10310,10330,10350,10330,10320,10270,10210,10290,10340,10360,10320,10170,10030,9960,10000,9990,9940,9930,9940,9970,9980,9970,10050,10100,10120,10190,10260,10300,10350,10380,10370,10410,10420,10420,10460,10480,10490,10580,10650,10720,10790,10800,10810,10820,10830,10900,11050,11080,11150,11230,11320,11290,11280,11200,11240,11280,11270,11300,11490,11440,11420,11410,11460,11430,11450,11650,11840,12080,12010,11870,11900,11720,11620,11600,11650,11640,11610,11620,11610,11640,11640,11590,11560,11600,11610,11630,11720
953,10320,10390,10400,10410,10400,10420,10380,10340,10340,10370,10350,10340,10330,10310,10330,10350,10330,10320,10270,10210,10290,10340,10360,10320,10170,10030,9960,10000,9990,9940,9930,9940,9970,9980,9970,10050,10100,10120,10190,10260,10300,10350,10380,10370,10410,10420,10420,10460,10480,10490,10580,10650,10720,10790,10800,10810,10820,10830,10900,11050,11080,11150,11230,11320,11290,11280,11200,11240,11280,11270,11300,11490,11440,11420,11410,11460,11430,11450,11650,11840,12080,12010,11870,11900,11720,11620,11600,11650,11640,11610,11620,11610,11640,11640,11590,11560,11600,11610,11630,11720,11800
954,10390,10400,10410,10400,10420,10380,10340,10340,10370,10350,10340,10330,10310,10330,10350,10330,10320,10270,10210,10290,10340,10360,10320,10170,10030,9960,10000,9990,9940,9930,9940,9970,9980,9970,10050,10100,10120,10190,10260,10300,10350,10380,10370,10410,10420,10420,10460,10480,10490,10580,10650,10720,10790,10800,10810,10820,10830,10900,11050,11080,11150,11230,11320,11290,11280,11200,11240,11280,11270,11300,11490,11440,11420,11410,11460,11430,11450,11650,11840,12080,12010,11870,11900,11720,11620,11600,11650,11640,11610,11620,11610,11640,11640,11590,11560,11600,11610,11630,11720,11800,11790
955,10400,10410,10400,10420,10380,10340,10340,10370,10350,10340,10330,10310,10330,10350,10330,10320,10270,10210,10290,10340,10360,10320,10170,10030,9960,10000,9990,9940,9930,9940,9970,9980,9970,10050,10100,10120,10190,10260,10300,10350,10380,10370,10410,10420,10420,10460,10480,10490,10580,10650,10720,10790,10800,10810,10820,10830,10900,11050,11080,11150,11230,11320,11290,11280,11200,11240,11280,11270,11300,11490,11440,11420,11410,11460,11430,11450,11650,11840,12080,12010,11870,11900,11720,11620,11600,11650,11640,11610,11620,11610,11640,11640,11590,11560,11600,11610,11630,11720,11800,11790,11770
956,10410,10400,10420,10380,10340,10340,10370,10350,10340,10330,10310,10330,10350,10330,10320,10270,10210,10290,10340,10360,10320,10170,10030,9960,10000,9990,9940,9930,9940,9970,9980,9970,10050,10100,10120,10190,10260,10300,10350,10380,10370,10410,10420,10420,10460,10480,10490,10580,10650,10720,10790,10800,10810,10820,10830,10900,11050,11080,11150,11230,11320,11290,11280,11200,11240,11280,11270,11300,11490,11440,11420,11410,11460,11430,11450,11650,11840,12080,12010,11870,11900,11720,11620,11600,11650,11640,11610,11620,11610,11640,11640,11590,11560,11600,11610,11630,11720,11800,11790,11770,11800
957,10400,10420,10380,10340,10340,10370,10350,10340,10330,10310,10330,10350,10330,10320,10270,10210,10290,10340,10360,10320,10170,10030,9960,10000,9990,9940,9930,9940,9970,9980,9970,10050,10100,10120,10190,10260,10300,10350,10380,10370,10410,10420,10420,10460,10480,10490,10580,10650,10720,10790,10800,10810,10820,10830,10900,11050,11080,11150,11230,11320,11290,11280,11200,11240,11280,11270,11300,11490,11440,11420,11410,11460,11430,11450,11650,11840,12080,12010,11870,11900,11720,11620,11600,11650,11640,11610,11620,11610,11640,11640,11590,11560,11600,11610,11630,11720,11800,11790,11770,11800,11810
958,10420,10380,10340,10340,10370,10350,10340,10330,10310,10330,10350,10330,10320,10270,10210,10290,10340,10360,10320,10170,10030,9960,10000,9990,9940,9930,9940,9970,9980,9970,10050,10100,10120,10190,10260,10300,10350,10380,10370,10410,10420,10420,10460,10480,10490,10580,10650,10720,10790,10800,10810,10820,10830,10900,11050,11080,11150,11230,11320,11290,11280,11200,11240,11280,11270,11300,11490,11440,11420,11410,11460,11430,11450,11650,11840,12080,12010,11870,11900,11720,11620,11600,11650,11640,11610,11620,11610,11640,11640,11590,11560,11600,11610,11630,11720,11800,11790,11770,11800,11810,11780
959,10380,10340,10340,10370,10350,10340,10330,10310,10330,10350,10330,10320,10270,10210,10290,10340,10360,10320,10170,10030,9960,10000,9990,9940,9930,9940,9970,9980,9970,10050,10100,10120,10190,10260,10300,10350,10380,10370,10410,10420,10420,10460,10480,10490,10580,10650,10720,10790,10800,10810,10820,10830,10900,11050,11080,11150,11230,11320,11290,11280,11200,11240,11280,11270,11300,11490,11440,11420,11410,11460,11430,11450,11650,11840,12080,12010,11870,11900,11720,11620,11600,11650,11640,11610,11620,11610,11640,11640,11590,11560,11600,11610,11630,11720,11800,11790,11770,11800,11810,11780,11760
960,10340,10340,10370,10350,10340,10330,10310,10330,10350,10330,10320,10270,10210,10290,10340,10360,10320,10170,10030,9960,10000,9990,9940,9930,9940,9970,9980,9970,10050,10100,10120,10190,10260,10300,10350,10380,10370,10410,10420,10420,10460,10480,10490,10580,10650,10720,10790,10800,10810,10820,10830,10900,11050,11080,11150,11230,11320,11290,11280,11200,11240,11280,11270,11300,11490,11440,11420,11410,11460,11430,11450,11650,11840,12080,12010,11870,11900,11720,11620,11600,11650,11640,11610,11620,11610,11640,11640,11590,11560,11600,11610,11630,11720,11800,11790,11770,11800,11810,11780,11760,11800
961,10340,10370,10350,10340,10330,10310,10330,10350,10330,10320,10270,10210,10290,10340,10360,10320,10170,10030,9960,10000,9990,9940,9930,9940,9970,9980,9970,10050,10100,10120,10190,10260,10300,10350,10380,10370,10410,10420,10420,10460,10480,10490,10580,10650,10720,10790,10800,10810,10820,10830,10900,11050,11080,11150,11230,11320,11290,11280,11200,11240,11280,11270,11300,11490,11440,11420,11410,11460,11430,11450,11650,11840,12080,12010,11870,11900,11720,11620,11600,11650,11640,11610,11620,11610,11640,11640,11590,11560,11600,11610,11630,11720,11800,11790,11770,11800,11810,11780,11760,11800,11840
962,10370,10350,10340,10330,10310,10330,10350,10330,10320,10270,10210,10290,10340,10360,10320,10170,10030,9960,10000,9990,9940,9930,9940,9970,9980,9970,10050,10100,10120,10190,10260,10300,10350,10380,10370,10410,10420,10420,10460,10480,10490,10580,10650,10720,10790,10800,10810,10820,10830,10900,11050,11080,11150,11230,11320,11290,11280,11200,11240,11280,11270,11300,11490,11440,11420,11410,11460,11430,11450,11650,11840,12080,12010,11870,11900,11720,11620,11600,11650,11640,11610,11620,11610,11640,11640,11590,11560,11600,11610,11630,11720,11800,11790,11770,11800,11810,11780,11760,11800,11840,11870
963,10350,10340,10330,10310,10330,10350,10330,10320,10270,10210,10290,10340,10360,10320,10170,10030,9960,10000,9990,9940,9930,9940,9970,9980,9970,10050,10100,10120,10190,10260,10300,10350,10380,10370,10410,10420,10420,10460,10480,10490,10580,10650,10720,10790,10800,10810,10820,10830,10900,11050,11080,11150,11230,11320,11290,11280,11200,11240,11280,11270,11300,11490,11440,11420,11410,11460,11430,11450,11650,11840,12080,12010,11870,11900,11720,11620,11600,11650,11640,11610,11620,11610,11640,11640,11590,11560,11600,11610,11630,11720,11800,11790,11770,11800,11810,11780,11760,11800,11840,11870,11930
964,10340,10330,10310,10330,10350,10330,10320,10270,10210,10290,10340,10360,10320,10170,10030,9960,10000,9990,9940,9930,9940,9970,9980,9970,10050,10100,10120,10190,10260,10300,10350,10380,10370,10410,10420,10420,10460,10480,10490,10580,10650,10720,10790,10800,10810,10820,10830,10900,11050,11080,11150,11230,11320,11290,11280,11200,11240,11280,11270,11300,11490,11440,11420,11410,11460,11430,11450,11650,11840,12080,12010,11870,11900,11720,11620,11600,11650,11640,11610,11620,11610,11640,11640,11590,11560,11600,11610,11630,11720,11800,11790,11770,11800,11810,11780,11760,11800,11840,11870,11930,11970
965,10330,10310,10330,10350,10330,10320,10270,10210,10290,10340,10360,10320,10170,10030,9960,10000,9990,9940,9930,9940,9970,9980,9970,10050,10100,10120,10190,10260,10300,10350,10380,10370,10410,10420,10420,10460,10480,10490,10580,10650,10720,10790,10800,10810,10820,10830,10900,11050,11080,11150,11230,11320,11290,11280,11200,11240,11280,11270,11300,11490,11440,11420,11410,11460,11430,11450,11650,11840,12080,12010,11870,11900,11720,11620,11600,11650,11640,11610,11620,11610,11640,11640,11590,11560,11600,11610,11630,11720,11800,11790,11770,11800,11810,11780,11760,11800,11840,11870,11930,11970,11950
966,10310,10330,10350,10330,10320,10270,10210,10290,10340,10360,10320,10170,10030,9960,10000,9990,9940,9930,9940,9970,9980,9970,10050,10100,10120,10190,10260,10300,10350,10380,10370,10410,10420,10420,10460,10480,10490,10580,10650,10720,10790,10800,10810,10820,10830,10900,11050,11080,11150,11230,11320,11290,11280,11200,11240,11280,11270,11300,11490,11440,11420,11410,11460,11430,11450,11650,11840,12080,12010,11870,11900,11720,11620,11600,11650,11640,11610,11620,11610,11640,11640,11590,11560,11600,11610,11630,11720,11800,11790,11770,11800,11810,11780,11760,11800,11840,11870,11930,11970,11950,11920
967,10330,10350,10330,10320,10270,10210,10290,10340,10360,10320,10170,10030,9960,10000,9990,9940,9930,9940,9970,9980,9970,10050,10100,10120,10190,10260,10300,10350,10380,10370,10410,10420,10420,10460,10480,10490,10580,10650,10720,10790,10800,10810,10820,10830,10900,11050,11080,11150,11230,11320,11290,11280,11200,11240,11280,11270,11300,11490,11440,11420,11410,11460,11430,11450,11650,11840,12080,12010,11870,11900,11720,11620,11600,11650,11640,11610,11620,11610,11640,11640,11590,11560,11600,11610,11630,11720,11800,11790,11770,11800,11810,11780,11760,11800,11840,11870,11930,11970,11950,11920,11870
968,10350,10330,10320,10270,10210,10290,10340,10360,10320,10170,10030,9960,10000,9990,9940,9930,9940,9970,9980,9970,10050,10100,10120,10190,10260,10300,10350,10380,10370,10410,10420,10420,10460,10480,10490,10580,10650,10720,10790,10800,10810,10820,10830,10900,11050,11080,11150,11230,11320,11290,11280,11200,11240,11280,11270,11300,11490,11440,11420,11410,11460,11430,11450,11650,11840,12080,12010,11870,11900,11720,11620,11600,11650,11640,11610,11620,11610,11640,11640,11590,11560,11600,11610,11630,11720,11800,11790,11770,11800,11810,11780,11760,11800,11840,11870,11930,11970,11950,11920,11870,11870
969,10330,10320,10270,10210,10290,10340,10360,10320,10170,10030,9960,10000,9990,9940,9930,9940,9970,9980,9970,10050,10100,10120,10190,10260,10300,10350,10380,10370,10410,10420,10420,10460,10480,10490,10580,10650,10720,10790,10800,10810,10820,10830,10900,11050,11080,11150,11230,11320,11290,11280,11200,11240,11280,11270,11300,11490,11440,11420,11410,11460,11430,11450,11650,11840,12080,12010,11870,11900,11720,11620,11600,11650,11640,11610,11620,11610,11640,11640,11590,11560,11600,11610,11630,11720,11800,11790,11770,11800,11810,11780,11760,11800,11840,11870,11930,11970,11950,11920,11870,11870,11910
970,10320,10270,10210,10290,10340,10360,10320,10170,10030,9960,10000,9990,9940,9930,9940,9970,9980,9970,10050,10100,10120,10190,10260,10300,10350,10380,10370,10410,10420,10420,10460,10480,10490,10580,10650,10720,10790,10800,10810,10820,10830,10900,11050,11080,11150,11230,11320,11290,11280,11200,11240,11280,11270,11300,11490,11440,11420,11410,11460,11430,11450,11650,11840,12080,12010,11870,11900,11720,11620,11600,11650,11640,11610,11620,11610,11640,11640,11590,11560,11600,11610,11630,11720,11800,11790,11770,11800,11810,11780,11760,11800,11840,11870,11930,11970,11950,11920,11870,11870,11910,11900
971,10270,10210,10290,10340,10360,10320,10170,10030,9960,10000,9990,9940,9930,9940,9970,9980,9970,10050,10100,10120,10190,10260,10300,10350,10380,10370,10410,10420,10420,10460,10480,10490,10580,10650,10720,10790,10800,10810,10820,10830,10900,11050,11080,11150,11230,11320,11290,11280,11200,11240,11280,11270,11300,11490,11440,11420,11410,11460,11430,11450,11650,11840,12080,12010,11870,11900,11720,11620,11600,11650,11640,11610,11620,11610,11640,11640,11590,11560,11600,11610,11630,11720,11800,11790,11770,11800,11810,11780,11760,11800,11840,11870,11930,11970,11950,11920,11870,11870,11910,11900,11860
972,10210,10290,10340,10360,10320,10170,10030,9960,10000,9990,9940,9930,9940,9970,9980,9970,10050,10100,10120,10190,10260,10300,10350,10380,10370,10410,10420,10420,10460,10480,10490,10580,10650,10720,10790,10800,10810,10820,10830,10900,11050,11080,11150,11230,11320,11290,11280,11200,11240,11280,11270,11300,11490,11440,11420,11410,11460,11430,11450,11650,11840,12080,12010,11870,11900,11720,11620,11600,11650,11640,11610,11620,11610,11640,11640,11590,11560,11600,11610,11630,11720,11800,11790,11770,11800,11810,11780,11760,11800,11840,11870,11930,11970,11950,11920,11870,11870,11910,11900,11860,11910
973,10290,10340,10360,10320,10170,10030,9960,10000,9990,9940,9930,9940,9970,9980,9970,10050,10100,10120,10190,10260,10300,10350,10380,10370,10410,10420,10420,10460,10480,10490,10580,10650,10720,10790,10800,10810,10820,10830,10900,11050,11080,11150,11230,11320,11290,11280,11200,11240,11280,11270,11300,11490,11440,11420,11410,11460,11430,11450,11650,11840,12080,12010,11870,11900,11720,11620,11600,11650,11640,11610,11620,11610,11640,11640,11590,11560,11600,11610,11630,11720,11800,11790,11770,11800,11810,11780,11760,11800,11840,11870,11930,11970,11950,11920,11870,11870,11910,11900,11860,11910,11930
974,10340,10360,10320,10170,10030,9960,10000,9990,9940,9930,9940,9970,9980,9970,10050,10100,10120,10190,10260,10300,10350,10380,10370,10410,10420,10420,10460,10480,10490,10580,10650,10720,10790,10800,10810,10820,10830,10900,11050,11080,11150,11230,11320,11290,11280,11200,11240,11280,11270,11300,11490,11440,11420,11410,11460,11430,11450,11650,11840,12080,12010,11870,11900,11720,11620,11600,11650,11640,11610,11620,11610,11640,11640,11590,11560,11600,11610,11630,11720,11800,11790,11770,11800,11810,11780,11760,11800,11840,11870,11930,11970,11950,11920,11870,11870,11910,11900,11860,11910,11930,11970
975,10360,10320,10170,10030,9960,10000,9990,9940,9930,9940,9970,9980,9970,10050,10100,10120,10190,10260,10300,10350,10380,10370,10410,10420,10420,10460,10480,10490,10580,10650,10720,10790,10800,10810,10820,10830,10900,11050,11080,11150,11230,11320,11290,11280,11200,11240,11280,11270,11300,11490,11440,11420,11410,11460,11430,11450,11650,11840,12080,12010,11870,11900,11720,11620,11600,11650,11640,11610,11620,11610,11640,11640,11590,11560,11600,11610,11630,11720,11800,11790,11770,11800,11810,11780,11760,11800,11840,11870,11930,11970,11950,11920,11870,11870,11910,11900,11860,11910,11930,11970,11970
976,10320,10170,10030,9960,10000,9990,9940,9930,9940,9970,9980,9970,10050,10100,10120,10190,10260,10300,10350,10380,10370,10410,10420,10420,10460,10480,10490,10580,10650,10720,10790,10800,10810,10820,10830,10900,11050,11080,11150,11230,11320,11290,11280,11200,11240,11280,11270,11300,11490,11440,11420,11410,11460,11430,11450,11650,11840,12080,12010,11870,11900,11720,11620,11600,11650,11640,11610,11620,11610,11640,11640,11590,11560,11600,11610,11630,11720,11800,11790,11770,11800,11810,11780,11760,11800,11840,11870,11930,11970,11950,11920,11870,11870,11910,11900,11860,11910,11930,11970,11970,11990
977,10170,10030,9960,10000,9990,9940,9930,9940,9970,9980,9970,10050,10100,10120,10190,10260,10300,10350,10380,10370,10410,10420,10420,10460,10480,10490,10580,10650,10720,10790,10800,10810,10820,10830,10900,11050,11080,11150,11230,11320,11290,11280,11200,11240,11280,11270,11300,11490,11440,11420,11410,11460,11430,11450,11650,11840,12080,12010,11870,11900,11720,11620,11600,11650,11640,11610,11620,11610,11640,11640,11590,11560,11600,11610,11630,11720,11800,11790,11770,11800,11810,11780,11760,11800,11840,11870,11930,11970,11950,11920,11870,11870,11910,11900,11860,11910,11930,11970,11970,11990,12050
978,10030,9960,10000,9990,9940,9930,9940,9970,9980,9970,10050,10100,10120,10190,10260,10300,10350,10380,10370,10410,10420,10420,10460,10480,10490,10580,10650,10720,10790,10800,10810,10820,10830,10900,11050,11080,11150,11230,11320,11290,11280,11200,11240,11280,11270,11300,11490,11440,11420,11410,11460,11430,11450,11650,11840,12080,12010,11870,11900,11720,11620,11600,11650,11640,11610,11620,11610,11640,11640,11590,11560,11600,11610,11630,11720,11800,11790,11770,11800,11810,11780,11760,11800,11840,11870,11930,11970,11950,11920,11870,11870,11910,11900,11860,11910,11930,11970,11970,11990,12050,12070
979,9960,10000,9990,9940,9930,9940,9970,9980,9970,10050,10100,10120,10190,10260,10300,10350,10380,10370,10410,10420,10420,10460,10480,10490,10580,10650,10720,10790,10800,10810,10820,10830,10900,11050,11080,11150,11230,11320,11290,11280,11200,11240,11280,11270,11300,11490,11440,11420,11410,11460,11430,11450,11650,11840,12080,12010,11870,11900,11720,11620,11600,11650,11640,11610,11620,11610,11640,11640,11590,11560,11600,11610,11630,11720,11800,11790,11770,11800,11810,11780,11760,11800,11840,11870,11930,11970,11950,11920,11870,11870,11910,11900,11860,11910,11930,11970,11970,11990,12050,12070,12120
980,10000,9990,9940,9930,9940,9970,9980,9970,10050,10100,10120,10190,10260,10300,10350,10380,10370,10410,10420,10420,10460,10480,10490,10580,10650,10720,10790,10800,10810,10820,10830,10900,11050,11080,11150,11230,11320,11290,11280,11200,11240,11280,11270,11300,11490,11440,11420,11410,11460,11430,11450,11650,11840,12080,12010,11870,11900,11720,11620,11600,11650,11640,11610,11620,11610,11640,11640,11590,11560,11600,11610,11630,11720,11800,11790,11770,11800,11810,11780,11760,11800,11840,11870,11930,11970,11950,11920,11870,11870,11910,11900,11860,11910,11930,11970,11970,11990,12050,12070,12120,12100
981,9990,9940,9930,9940,9970,9980,9970,10050,10100,10120,10190,10260,10300,10350,10380,10370,10410,10420,10420,10460,10480,10490,10580,10650,10720,10790,10800,10810,10820,10830,10900,11050,11080,11150,11230,11320,11290,11280,11200,11240,11280,11270,11300,11490,11440,11420,11410,11460,11430,11450,11650,11840,12080,12010,11870,11900,11720,11620,11600,11650,11640,11610,11620,11610,11640,11640,11590,11560,11600,11610,11630,11720,11800,11790,11770,11800,11810,11780,11760,11800,11840,11870,11930,11970,11950,11920,11870,11870,11910,11900,11860,11910,11930,11970,11970,11990,12050,12070,12120,12100,12090
982,9940,9930,9940,9970,9980,9970,10050,10100,10120,10190,10260,10300,10350,10380,10370,10410,10420,10420,10460,10480,10490,10580,10650,10720,10790,10800,10810,10820,10830,10900,11050,11080,11150,11230,11320,11290,11280,11200,11240,11280,11270,11300,11490,11440,11420,11410,11460,11430,11450,11650,11840,12080,12010,11870,11900,11720,11620,11600,11650,11640,11610,11620,11610,11640,11640,11590,11560,11600,11610,11630,11720,11800,11790,11770,11800,11810,11780,11760,11800,11840,11870,11930,11970,11950,11920,11870,11870,11910,11900,11860,11910,11930,11970,11970,11990,12050,12070,12120,12100,12090,12150
983,9930,9940,9970,9980,9970,10050,10100,10120,10190,10260,10300,10350,10380,10370,10410,10420,10420,10460,10480,10490,10580,10650,10720,10790,10800,10810,10820,10830,10900,11050,11080,11150,11230,11320,11290,11280,11200,11240,11280,11270,11300,11490,11440,11420,11410,11460,11430,11450,11650,11840,12080,12010,11870,11900,11720,11620,11600,11650,11640,11610,11620,11610,11640,11640,11590,11560,11600,11610,11630,11720,11800,11790,11770,11800,11810,11780,11760,11800,11840,11870,11930,11970,11950,11920,11870,11870,11910,11900,11860,11910,11930,11970,11970,11990,12050,12070,12120,12100,12090,12150,12190
984,9940,9970,9980,9970,10050,10100,10120,10190,10260,10300,10350,10380,10370,10410,10420,10420,10460,10480,10490,10580,10650,10720,10790,10800,10810,10820,10830,10900,11050,11080,11150,11230,11320,11290,11280,11200,11240,11280,11270,11300,11490,11440,11420,11410,11460,11430,11450,11650,11840,12080,12010,11870,11900,11720,11620,11600,11650,11640,11610,11620,11610,11640,11640,11590,11560,11600,11610,11630,11720,11800,11790,11770,11800,11810,11780,11760,11800,11840,11870,11930,11970,11950,11920,11870,11870,11910,11900,11860,11910,11930,11970,11970,11990,12050,12070,12120,12100,12090,12150,12190,12290
985,9970,9980,9970,10050,10100,10120,10190,10260,10300,10350,10380,10370,10410,10420,10420,10460,10480,10490,10580,10650,10720,10790,10800,10810,10820,10830,10900,11050,11080,11150,11230,11320,11290,11280,11200,11240,11280,11270,11300,11490,11440,11420,11410,11460,11430,11450,11650,11840,12080,12010,11870,11900,11720,11620,11600,11650,11640,11610,11620,11610,11640,11640,11590,11560,11600,11610,11630,11720,11800,11790,11770,11800,11810,11780,11760,11800,11840,11870,11930,11970,11950,11920,11870,11870,11910,11900,11860,11910,11930,11970,11970,11990,12050,12070,12120,12100,12090,12150,12190,12290,12350
986,9980,9970,10050,10100,10120,10190,10260,10300,10350,10380,10370,10410,10420,10420,10460,10480,10490,10580,10650,10720,10790,10800,10810,10820,10830,10900,11050,11080,11150,11230,11320,11290,11280,11200,11240,11280,11270,11300,11490,11440,11420,11410,11460,11430,11450,11650,11840,12080,12010,11870,11900,11720,11620,11600,11650,11640,11610,11620,11610,11640,11640,11590,11560,11600,11610,11630,11720,11800,11790,11770,11800,11810,11780,11760,11800,11840,11870,11930,11970,11950,11920,11870,11870,11910,11900,11860,11910,11930,11970,11970,11990,12050,12070,12120,12100,12090,12150,12190,12290,12350,12390
987,9970,10050,10100,10120,10190,10260,10300,10350,10380,10370,10410,10420,10420,10460,10480,10490,10580,10650,10720,10790,10800,10810,10820,10830,10900,11050,11080,11150,11230,11320,11290,11280,11200,11240,11280,11270,11300,11490,11440,11420,11410,11460,11430,11450,11650,11840,12080,12010,11870,11900,11720,11620,11600,11650,11640,11610,11620,11610,11640,11640,11590,11560,11600,11610,11630,11720,11800,11790,11770,11800,11810,11780,11760,11800,11840,11870,11930,11970,11950,11920,11870,11870,11910,11900,11860,11910,11930,11970,11970,11990,12050,12070,12120,12100,12090,12150,12190,12290,12350,12390,12460
988,10050,10100,10120,10190,10260,10300,10350,10380,10370,10410,10420,10420,10460,10480,10490,10580,10650,10720,10790,10800,10810,10820,10830,10900,11050,11080,11150,11230,11320,11290,11280,11200,11240,11280,11270,11300,11490,11440,11420,11410,11460,11430,11450,11650,11840,12080,12010,11870,11900,11720,11620,11600,11650,11640,11610,11620,11610,11640,11640,11590,11560,11600,11610,11630,11720,11800,11790,11770,11800,11810,11780,11760,11800,11840,11870,11930,11970,11950,11920,11870,11870,11910,11900,11860,11910,11930,11970,11970,11990,12050,12070,12120,12100,12090,12150,12190,12290,12350,12390,12460,12490
989,10100,10120,10190,10260,10300,10350,10380,10370,10410,10420,10420,10460,10480,10490,10580,10650,10720,10790,10800,10810,10820,10830,10900,11050,11080,11150,11230,11320,11290,11280,11200,11240,11280,11270,11300,11490,11440,11420,11410,11460,11430,11450,11650,11840,12080,12010,11870,11900,11720,11620,11600,11650,11640,11610,11620,11610,11640,11640,11590,11560,11600,11610,11630,11720,11800,11790,11770,11800,11810,11780,11760,11800,11840,11870,11930,11970,11950,11920,11870,11870,11910,11900,11860,11910,11930,11970,11970,11990,12050,12070,12120,12100,12090,12150,12190,12290,12350,12390,12460,12490,12530
990,10120,10190,10260,10300,10350,10380,10370,10410,10420,10420,10460,10480,10490,10580,10650,10720,10790,10800,10810,10820,10830,10900,11050,11080,11150,11230,11320,11290,11280,11200,11240,11280,11270,11300,11490,11440,11420,11410,11460,11430,11450,11650,11840,12080,12010,11870,11900,11720,11620,11600,11650,11640,11610,11620,11610,11640,11640,11590,11560,11600,11610,11630,11720,11800,11790,11770,11800,11810,11780,11760,11800,11840,11870,11930,11970,11950,11920,11870,11870,11910,11900,11860,11910,11930,11970,11970,11990,12050,12070,12120,12100,12090,12150,12190,12290,12350,12390,12460,12490,12530,12530
991,10190,10260,10300,10350,10380,10370,10410,10420,10420,10460,10480,10490,10580,10650,10720,10790,10800,10810,10820,10830,10900,11050,11080,11150,11230,11320,11290,11280,11200,11240,11280,11270,11300,11490,11440,11420,11410,11460,11430,11450,11650,11840,12080,12010,11870,11900,11720,11620,11600,11650,11640,11610,11620,11610,11640,11640,11590,11560,11600,11610,11630,11720,11800,11790,11770,11800,11810,11780,11760,11800,11840,11870,11930,11970,11950,11920,11870,11870,11910,11900,11860,11910,11930,11970,11970,11990,12050,12070,12120,12100,12090,12150,12190,12290,12350,12390,12460,12490,12530,12530,12510
992,10260,10300,10350,10380,10370,10410,10420,10420,10460,10480,10490,10580,10650,10720,10790,10800,10810,10820,10830,10900,11050,11080,11150,11230,11320,11290,11280,11200,11240,11280,11270,11300,11490,11440,11420,11410,11460,11430,11450,11650,11840,12080,12010,11870,11900,11720,11620,11600,11650,11640,11610,11620,11610,11640,11640,11590,11560,11600,11610,11630,11720,11800,11790,11770,11800,11810,11780,11760,11800,11840,11870,11930,11970,11950,11920,11870,11870,11910,11900,11860,11910,11930,11970,11970,11990,12050,12070,12120,12100,12090,12150,12190,12290,12350,12390,12460,12490,12530,12530,12510,12520
993,10300,10350,10380,10370,10410,10420,10420,10460,10480,10490,10580,10650,10720,10790,10800,10810,10820,10830,10900,11050,11080,11150,11230,11320,11290,11280,11200,11240,11280,11270,11300,11490,11440,11420,11410,11460,11430,11450,11650,11840,12080,12010,11870,11900,11720,11620,11600,11650,11640,11610,11620,11610,11640,11640,11590,11560,11600,11610,11630,11720,11800,11790,11770,11800,11810,11780,11760,11800,11840,11870,11930,11970,11950,11920,11870,11870,11910,11900,11860,11910,11930,11970,11970,11990,12050,12070,12120,12100,12090,12150,12190,12290,12350,12390,12460,12490,12530,12530,12510,12520,12530
994,10350,10380,10370,10410,10420,10420,10460,10480,10490,10580,10650,10720,10790,10800,10810,10820,10830,10900,11050,11080,11150,11230,11320,11290,11280,11200,11240,11280,11270,11300,11490,11440,11420,11410,11460,11430,11450,11650,11840,12080,12010,11870,11900,11720,11620,11600,11650,11640,11610,11620,11610,11640,11640,11590,11560,11600,11610,11630,11720,11800,11790,11770,11800,11810,11780,11760,11800,11840,11870,11930,11970,11950,11920,11870,11870,11910,11900,11860,11910,11930,11970,11970,11990,12050,12070,12120,12100,12090,12150,12190,12290,12350,12390,12460,12490,12530,12530,12510,12520,12530,12540
995,10380,10370,10410,10420,10420,10460,10480,10490,10580,10650,10720,10790,10800,10810,10820,10830,10900,11050,11080,11150,11230,11320,11290,11280,11200,11240,11280,11270,11300,11490,11440,11420,11410,11460,11430,11450,11650,11840,12080,12010,11870,11900,11720,11620,11600,11650,11640,11610,11620,11610,11640,11640,11590,11560,11600,11610,11630,11720,11800,11790,11770,11800,11810,11780,11760,11800,11840,11870,11930,11970,11950,11920,11870,11870,11910,11900,11860,11910,11930,11970,11970,11990,12050,12070,12120,12100,12090,12150,12190,12290,12350,12390,12460,12490,12530,12530,12510,12520,12530,12540,12570
996,10370,10410,10420,10420,10460,10480,10490,10580,10650,10720,10790,10800,10810,10820,10830,10900,11050,11080,11150,11230,11320,11290,11280,11200,11240,11280,11270,11300,11490,11440,11420,11410,11460,11430,11450,11650,11840,12080,12010,11870,11900,11720,11620,11600,11650,11640,11610,11620,11610,11640,11640,11590,11560,11600,11610,11630,11720,11800,11790,11770,11800,11810,11780,11760,11800,11840,11870,11930,11970,11950,11920,11870,11870,11910,11900,11860,11910,11930,11970,11970,11990,12050,12070,12120,12100,12090,12150,12190,12290,12350,12390,12460,12490,12530,12530,12510,12520,12530,12540,12570,12630
997,10410,10420,10420,10460,10480,10490,10580,10650,10720,10790,10800,10810,10820,10830,10900,11050,11080,11150,11230,11320,11290,11280,11200,11240,11280,11270,11300,11490,11440,11420,11410,11460,11430,11450,11650,11840,12080,12010,11870,11900,11720,11620,11600,11650,11640,11610,11620,11610,11640,11640,11590,11560,11600,11610,11630,11720,11800,11790,11770,11800,11810,11780,11760,11800,11840,11870,11930,11970,11950,11920,11870,11870,11910,11900,11860,11910,11930,11970,11970,11990,12050,12070,12120,12100,12090,12150,12190,12290,12350,12390,12460,12490,12530,12530,12510,12520,12530,12540,12570,12630,12620
998,10420,10420,10460,10480,10490,10580,10650,10720,10790,10800,10810,10820,10830,10900,11050,11080,11150,11230,11320,11290,11280,11200,11240,11280,11270,11300,11490,11440,11420,11410,11460,11430,11450,11650,11840,12080,12010,11870,11900,11720,11620,11600,11650,11640,11610,11620,11610,11640,11640,11590,11560,11600,11610,11630,11720,11800,11790,11770,11800,11810,11780,11760,11800,11840,11870,11930,11970,11950,11920,11870,11870,11910,11900,11860,11910,11930,11970,11970,11990,12050,12070,12120,12100,12090,12150,12190,12290,12350,12390,12460,12490,12530,12530,12510,12520,12530,12540,12570,12630,12620,12640
999,10420,10460,10480,10490,10580,10650,10720,10790,10800,10810,10820,10830,10900,11050,11080,11150,11230,11320,11290,11280,11200,11240,11280,11270,11300,11490,11440,11420,11410,11460,11430,11450,11650,11840,12080,12010,11870,11900,11720,11620,11600,11650,11640,11610,11620,11610,11640,11640,11590,11560,11600,11610,11630,11720,11800,11790,11770,11800,11810,11780,11760,11800,11840,11870,11930,11970,11950,11920,11870,11870,11910,11900,11860,11910,11930,11970,11970,11990,12050,12070,12120,12100,12090,12150,12190,12290,12350,12390,12460,12490,12530,12530,12510,12520,12530,12540,12570,12630,12620,12640,12740
1000,10460,10480,10490,10580,10650,10720,10790,10800,10810,10820,10830,10900,11050,11080,11150,11230,11320,11290,11280,11200,11240,11280,11270,11300,11490,11440,11420,11410,11460,11430,11450,11650,11840,12080,12010,11870,11900,11720,11620,11600,11650,11640,11610,11620,11610,11640,11640,11590,11560,11600,11610,11630,11720,11800,11790,11770,11800,11810,11780,11760,11800,11840,11870,11930,11970,11950,11920,11870,11870,11910,11900,11860,11910,11930,11970,11970,11990,12050,12070,12120,12100,12090,12150,12190,12290,12350,12390,12460,12490,12530,12530,12510,12520,12530,12540,12570,12630,12620,12640,12740,12810
1001,10480,10490,10580,10650,10720,10790,10800,10810,10820,10830,10900,11050,11080,11150,11230,11320,11290,11280,11200,11240,11280,11270,11300,11490,11440,11420,11410,11460,11430,11450,11650,11840,12080,12010,11870,11900,11720,11620,11600,11650,11640,11610,11620,11610,11640,11640,11590,11560,11600,11610,11630,11720,11800,11790,11770,11800,11810,11780,11760,11800,11840,11870,11930,11970,11950,11920,11870,11870,11910,11900,11860,11910,11930,11970,11970,11990,12050,12070,12120,12100,12090,12150,12190,12290,12350,12390,12460,12490,12530,12530,12510,12520,12530,12540,12570,12630,12620,12640,12740,12810,12800
1002,10490,10580,10650,10720,10790,10800,10810,10820,10830,10900,11050,11080,11150,11230,11320,11290,11280,11200,11240,11280,11270,11300,11490,11440,11420,11410,11460,11430,11450,11650,11840,12080,12010,11870,11900,11720,11620,11600,11650,11640,11610,11620,11610,11640,11640,11590,11560,11600,11610,11630,11720,11800,11790,11770,11800,11810,11780,11760,11800,11840,11870,11930,11970,11950,11920,11870,11870,11910,11900,11860,11910,11930,11970,11970,11990,12050,12070,12120,12100,12090,12150,12190,12290,12350,12390,12460,12490,12530,12530,12510,12520,12530,12540,12570,12630,12620,12640,12740,12810,12800,12800
1003,10580,10650,10720,10790,10800,10810,10820,10830,10900,11050,11080,11150,11230,11320,11290,11280,11200,11240,11280,11270,11300,11490,11440,11420,11410,11460,11430,11450,11650,11840,12080,12010,11870,11900,11720,11620,11600,11650,11640,11610,11620,11610,11640,11640,11590,11560,11600,11610,11630,11720,11800,11790,11770,11800,11810,11780,11760,11800,11840,11870,11930,11970,11950,11920,11870,11870,11910,11900,11860,11910,11930,11970,11970,11990,12050,12070,12120,12100,12090,12150,12190,12290,12350,12390,12460,12490,12530,12530,12510,12520,12530,12540,12570,12630,12620,12640,12740,12810,12800,12800,12830
1004,10650,10720,10790,10800,10810,10820,10830,10900,11050,11080,11150,11230,11320,11290,11280,11200,11240,11280,11270,11300,11490,11440,11420,11410,11460,11430,11450,11650,11840,12080,12010,11870,11900,11720,11620,11600,11650,11640,11610,11620,11610,11640,11640,11590,11560,11600,11610,11630,11720,11800,11790,11770,11800,11810,11780,11760,11800,11840,11870,11930,11970,11950,11920,11870,11870,11910,11900,11860,11910,11930,11970,11970,11990,12050,12070,12120,12100,12090,12150,12190,12290,12350,12390,12460,12490,12530,12530,12510,12520,12530,12540,12570,12630,12620,12640,12740,12810,12800,12800,12830,12820
1005,10720,10790,10800,10810,10820,10830,10900,11050,11080,11150,11230,11320,11290,11280,11200,11240,11280,11270,11300,11490,11440,11420,11410,11460,11430,11450,11650,11840,12080,12010,11870,11900,11720,11620,11600,11650,11640,11610,11620,11610,11640,11640,11590,11560,11600,11610,11630,11720,11800,11790,11770,11800,11810,11780,11760,11800,11840,11870,11930,11970,11950,11920,11870,11870,11910,11900,11860,11910,11930,11970,11970,11990,12050,12070,12120,12100,12090,12150,12190,12290,12350,12390,12460,12490,12530,12530,12510,12520,12530,12540,12570,12630,12620,12640,12740,12810,12800,12800,12830,12820,12800
1006,10790,10800,10810,10820,10830,10900,11050,11080,11150,11230,11320,11290,11280,11200,11240,11280,11270,11300,11490,11440,11420,11410,11460,11430,11450,11650,11840,12080,12010,11870,11900,11720,11620,11600,11650,11640,11610,11620,11610,11640,11640,11590,11560,11600,11610,11630,11720,11800,11790,11770,11800,11810,11780,11760,11800,11840,11870,11930,11970,11950,11920,11870,11870,11910,11900,11860,11910,11930,11970,11970,11990,12050,12070,12120,12100,12090,12150,12190,12290,12350,12390,12460,12490,12530,12530,12510,12520,12530,12540,12570,12630,12620,12640,12740,12810,12800,12800,12830,12820,12800,12820
1007,10800,10810,10820,10830,10900,11050,11080,11150,11230,11320,11290,11280,11200,11240,11280,11270,11300,11490,11440,11420,11410,11460,11430,11450,11650,11840,12080,12010,11870,11900,11720,11620,11600,11650,11640,11610,11620,11610,11640,11640,11590,11560,11600,11610,11630,11720,11800,11790,11770,11800,11810,11780,11760,11800,11840,11870,11930,11970,11950,11920,11870,11870,11910,11900,11860,11910,11930,11970,11970,11990,12050,12070,12120,12100,12090,12150,12190,12290,12350,12390,12460,12490,12530,12530,12510,12520,12530,12540,12570,12630,12620,12640,12740,12810,12800,12800,12830,12820,12800,12820,12910
1008,10810,10820,10830,10900,11050,11080,11150,11230,11320,11290,11280,11200,11240,11280,11270,11300,11490,11440,11420,11410,11460,11430,11450,11650,11840,12080,12010,11870,11900,11720,11620,11600,11650,11640,11610,11620,11610,11640,11640,11590,11560,11600,11610,11630,11720,11800,11790,11770,11800,11810,11780,11760,11800,11840,11870,11930,11970,11950,11920,11870,11870,11910,11900,11860,11910,11930,11970,11970,11990,12050,12070,12120,12100,12090,12150,12190,12290,12350,12390,12460,12490,12530,12530,12510,12520,12530,12540,12570,12630,12620,12640,12740,12810,12800,12800,12830,12820,12800,12820,12910,12970
1009,10820,10830,10900,11050,11080,11150,11230,11320,11290,11280,11200,11240,11280,11270,11300,11490,11440,11420,11410,11460,11430,11450,11650,11840,12080,12010,11870,11900,11720,11620,11600,11650,11640,11610,11620,11610,11640,11640,11590,11560,11600,11610,11630,11720,11800,11790,11770,11800,11810,11780,11760,11800,11840,11870,11930,11970,11950,11920,11870,11870,11910,11900,11860,11910,11930,11970,11970,11990,12050,12070,12120,12100,12090,12150,12190,12290,12350,12390,12460,12490,12530,12530,12510,12520,12530,12540,12570,12630,12620,12640,12740,12810,12800,12800,12830,12820,12800,12820,12910,12970,12850
1010,10830,10900,11050,11080,11150,11230,11320,11290,11280,11200,11240,11280,11270,11300,11490,11440,11420,11410,11460,11430,11450,11650,11840,12080,12010,11870,11900,11720,11620,11600,11650,11640,11610,11620,11610,11640,11640,11590,11560,11600,11610,11630,11720,11800,11790,11770,11800,11810,11780,11760,11800,11840,11870,11930,11970,11950,11920,11870,11870,11910,11900,11860,11910,11930,11970,11970,11990,12050,12070,12120,12100,12090,12150,12190,12290,12350,12390,12460,12490,12530,12530,12510,12520,12530,12540,12570,12630,12620,12640,12740,12810,12800,12800,12830,12820,12800,12820,12910,12970,12850,12730
1011,10900,11050,11080,11150,11230,11320,11290,11280,11200,11240,11280,11270,11300,11490,11440,11420,11410,11460,11430,11450,11650,11840,12080,12010,11870,11900,11720,11620,11600,11650,11640,11610,11620,11610,11640,11640,11590,11560,11600,11610,11630,11720,11800,11790,11770,11800,11810,11780,11760,11800,11840,11870,11930,11970,11950,11920,11870,11870,11910,11900,11860,11910,11930,11970,11970,11990,12050,12070,12120,12100,12090,12150,12190,12290,12350,12390,12460,12490,12530,12530,12510,12520,12530,12540,12570,12630,12620,12640,12740,12810,12800,12800,12830,12820,12800,12820,12910,12970,12850,12730,12700
1012,11050,11080,11150,11230,11320,11290,11280,11200,11240,11280,11270,11300,11490,11440,11420,11410,11460,11430,11450,11650,11840,12080,12010,11870,11900,11720,11620,11600,11650,11640,11610,11620,11610,11640,11640,11590,11560,11600,11610,11630,11720,11800,11790,11770,11800,11810,11780,11760,11800,11840,11870,11930,11970,11950,11920,11870,11870,11910,11900,11860,11910,11930,11970,11970,11990,12050,12070,12120,12100,12090,12150,12190,12290,12350,12390,12460,12490,12530,12530,12510,12520,12530,12540,12570,12630,12620,12640,12740,12810,12800,12800,12830,12820,12800,12820,12910,12970,12850,12730,12700,12740
1013,11080,11150,11230,11320,11290,11280,11200,11240,11280,11270,11300,11490,11440,11420,11410,11460,11430,11450,11650,11840,12080,12010,11870,11900,11720,11620,11600,11650,11640,11610,11620,11610,11640,11640,11590,11560,11600,11610,11630,11720,11800,11790,11770,11800,11810,11780,11760,11800,11840,11870,11930,11970,11950,11920,11870,11870,11910,11900,11860,11910,11930,11970,11970,11990,12050,12070,12120,12100,12090,12150,12190,12290,12350,12390,12460,12490,12530,12530,12510,12520,12530,12540,12570,12630,12620,12640,12740,12810,12800,12800,12830,12820,12800,12820,12910,12970,12850,12730,12700,12740,12720
1014,11150,11230,11320,11290,11280,11200,11240,11280,11270,11300,11490,11440,11420,11410,11460,11430,11450,11650,11840,12080,12010,11870,11900,11720,11620,11600,11650,11640,11610,11620,11610,11640,11640,11590,11560,11600,11610,11630,11720,11800,11790,11770,11800,11810,11780,11760,11800,11840,11870,11930,11970,11950,11920,11870,11870,11910,11900,11860,11910,11930,11970,11970,11990,12050,12070,12120,12100,12090,12150,12190,12290,12350,12390,12460,12490,12530,12530,12510,12520,12530,12540,12570,12630,12620,12640,12740,12810,12800,12800,12830,12820,12800,12820,12910,12970,12850,12730,12700,12740,12720,12690
1015,11230,11320,11290,11280,11200,11240,11280,11270,11300,11490,11440,11420,11410,11460,11430,11450,11650,11840,12080,12010,11870,11900,11720,11620,11600,11650,11640,11610,11620,11610,11640,11640,11590,11560,11600,11610,11630,11720,11800,11790,11770,11800,11810,11780,11760,11800,11840,11870,11930,11970,11950,11920,11870,11870,11910,11900,11860,11910,11930,11970,11970,11990,12050,12070,12120,12100,12090,12150,12190,12290,12350,12390,12460,12490,12530,12530,12510,12520,12530,12540,12570,12630,12620,12640,12740,12810,12800,12800,12830,12820,12800,12820,12910,12970,12850,12730,12700,12740,12720,12690,12720
1016,11320,11290,11280,11200,11240,11280,11270,11300,11490,11440,11420,11410,11460,11430,11450,11650,11840,12080,12010,11870,11900,11720,11620,11600,11650,11640,11610,11620,11610,11640,11640,11590,11560,11600,11610,11630,11720,11800,11790,11770,11800,11810,11780,11760,11800,11840,11870,11930,11970,11950,11920,11870,11870,11910,11900,11860,11910,11930,11970,11970,11990,12050,12070,12120,12100,12090,12150,12190,12290,12350,12390,12460,12490,12530,12530,12510,12520,12530,12540,12570,12630,12620,12640,12740,12810,12800,12800,12830,12820,12800,12820,12910,12970,12850,12730,12700,12740,12720,12690,12720,12750
1017,11290,11280,11200,11240,11280,11270,11300,11490,11440,11420,11410,11460,11430,11450,11650,11840,12080,12010,11870,11900,11720,11620,11600,11650,11640,11610,11620,11610,11640,11640,11590,11560,11600,11610,11630,11720,11800,11790,11770,11800,11810,11780,11760,11800,11840,11870,11930,11970,11950,11920,11870,11870,11910,11900,11860,11910,11930,11970,11970,11990,12050,12070,12120,12100,12090,12150,12190,12290,12350,12390,12460,12490,12530,12530,12510,12520,12530,12540,12570,12630,12620,12640,12740,12810,12800,12800,12830,12820,12800,12820,12910,12970,12850,12730,12700,12740,12720,12690,12720,12750,12780
1018,11280,11200,11240,11280,11270,11300,11490,11440,11420,11410,11460,11430,11450,11650,11840,12080,12010,11870,11900,11720,11620,11600,11650,11640,11610,11620,11610,11640,11640,11590,11560,11600,11610,11630,11720,11800,11790,11770,11800,11810,11780,11760,11800,11840,11870,11930,11970,11950,11920,11870,11870,11910,11900,11860,11910,11930,11970,11970,11990,12050,12070,12120,12100,12090,12150,12190,12290,12350,12390,12460,12490,12530,12530,12510,12520,12530,12540,12570,12630,12620,12640,12740,12810,12800,12800,12830,12820,12800,12820,12910,12970,12850,12730,12700,12740,12720,12690,12720,12750,12780,12790
1019,11200,11240,11280,11270,11300,11490,11440,11420,11410,11460,11430,11450,11650,11840,12080,12010,11870,11900,11720,11620,11600,11650,11640,11610,11620,11610,11640,11640,11590,11560,11600,11610,11630,11720,11800,11790,11770,11800,11810,11780,11760,11800,11840,11870,11930,11970,11950,11920,11870,11870,11910,11900,11860,11910,11930,11970,11970,11990,12050,12070,12120,12100,12090,12150,12190,12290,12350,12390,12460,12490,12530,12530,12510,12520,12530,12540,12570,12630,12620,12640,12740,12810,12800,12800,12830,12820,12800,12820,12910,12970,12850,12730,12700,12740,12720,12690,12720,12750,12780,12790,12680
1020,11240,11280,11270,11300,11490,11440,11420,11410,11460,11430,11450,11650,11840,12080,12010,11870,11900,11720,11620,11600,11650,11640,11610,11620,11610,11640,11640,11590,11560,11600,11610,11630,11720,11800,11790,11770,11800,11810,11780,11760,11800,11840,11870,11930,11970,11950,11920,11870,11870,11910,11900,11860,11910,11930,11970,11970,11990,12050,12070,12120,12100,12090,12150,12190,12290,12350,12390,12460,12490,12530,12530,12510,12520,12530,12540,12570,12630,12620,12640,12740,12810,12800,12800,12830,12820,12800,12820,12910,12970,12850,12730,12700,12740,12720,12690,12720,12750,12780,12790,12680,12540
1021,11280,11270,11300,11490,11440,11420,11410,11460,11430,11450,11650,11840,12080,12010,11870,11900,11720,11620,11600,11650,11640,11610,11620,11610,11640,11640,11590,11560,11600,11610,11630,11720,11800,11790,11770,11800,11810,11780,11760,11800,11840,11870,11930,11970,11950,11920,11870,11870,11910,11900,11860,11910,11930,11970,11970,11990,12050,12070,12120,12100,12090,12150,12190,12290,12350,12390,12460,12490,12530,12530,12510,12520,12530,12540,12570,12630,12620,12640,12740,12810,12800,12800,12830,12820,12800,12820,12910,12970,12850,12730,12700,12740,12720,12690,12720,12750,12780,12790,12680,12540,12500
1022,11270,11300,11490,11440,11420,11410,11460,11430,11450,11650,11840,12080,12010,11870,11900,11720,11620,11600,11650,11640,11610,11620,11610,11640,11640,11590,11560,11600,11610,11630,11720,11800,11790,11770,11800,11810,11780,11760,11800,11840,11870,11930,11970,11950,11920,11870,11870,11910,11900,11860,11910,11930,11970,11970,11990,12050,12070,12120,12100,12090,12150,12190,12290,12350,12390,12460,12490,12530,12530,12510,12520,12530,12540,12570,12630,12620,12640,12740,12810,12800,12800,12830,12820,12800,12820,12910,12970,12850,12730,12700,12740,12720,12690,12720,12750,12780,12790,12680,12540,12500,12470
1023,11300,11490,11440,11420,11410,11460,11430,11450,11650,11840,12080,12010,11870,11900,11720,11620,11600,11650,11640,11610,11620,11610,11640,11640,11590,11560,11600,11610,11630,11720,11800,11790,11770,11800,11810,11780,11760,11800,11840,11870,11930,11970,11950,11920,11870,11870,11910,11900,11860,11910,11930,11970,11970,11990,12050,12070,12120,12100,12090,12150,12190,12290,12350,12390,12460,12490,12530,12530,12510,12520,12530,12540,12570,12630,12620,12640,12740,12810,12800,12800,12830,12820,12800,12820,12910,12970,12850,12730,12700,12740,12720,12690,12720,12750,12780,12790,12680,12540,12500,12470,12490
1024,11490,11440,11420,11410,11460,11430,11450,11650,11840,12080,12010,11870,11900,11720,11620,11600,11650,11640,11610,11620,11610,11640,11640,11590,11560,11600,11610,11630,11720,11800,11790,11770,11800,11810,11780,11760,11800,11840,11870,11930,11970,11950,11920,11870,11870,11910,11900,11860,11910,11930,11970,11970,11990,12050,12070,12120,12100,12090,12150,12190,12290,12350,12390,12460,12490,12530,12530,12510,12520,12530,12540,12570,12630,12620,12640,12740,12810,12800,12800,12830,12820,12800,12820,12910,12970,12850,12730,12700,12740,12720,12690,12720,12750,12780,12790,12680,12540,12500,12470,12490,12510
1025,11440,11420,11410,11460,11430,11450,11650,11840,12080,12010,11870,11900,11720,11620,11600,11650,11640,11610,11620,11610,11640,11640,11590,11560,11600,11610,11630,11720,11800,11790,11770,11800,11810,11780,11760,11800,11840,11870,11930,11970,11950,11920,11870,11870,11910,11900,11860,11910,11930,11970,11970,11990,12050,12070,12120,12100,12090,12150,12190,12290,12350,12390,12460,12490,12530,12530,12510,12520,12530,12540,12570,12630,12620,12640,12740,12810,12800,12800,12830,12820,12800,12820,12910,12970,12850,12730,12700,12740,12720,12690,12720,12750,12780,12790,12680,12540,12500,12470,12490,12510,12480
1026,11420,11410,11460,11430,11450,11650,11840,12080,12010,11870,11900,11720,11620,11600,11650,11640,11610,11620,11610,11640,11640,11590,11560,11600,11610,11630,11720,11800,11790,11770,11800,11810,11780,11760,11800,11840,11870,11930,11970,11950,11920,11870,11870,11910,11900,11860,11910,11930,11970,11970,11990,12050,12070,12120,12100,12090,12150,12190,12290,12350,12390,12460,12490,12530,12530,12510,12520,12530,12540,12570,12630,12620,12640,12740,12810,12800,12800,12830,12820,12800,12820,12910,12970,12850,12730,12700,12740,12720,12690,12720,12750,12780,12790,12680,12540,12500,12470,12490,12510,12480,12490
1027,11410,11460,11430,11450,11650,11840,12080,12010,11870,11900,11720,11620,11600,11650,11640,11610,11620,11610,11640,11640,11590,11560,11600,11610,11630,11720,11800,11790,11770,11800,11810,11780,11760,11800,11840,11870,11930,11970,11950,11920,11870,11870,11910,11900,11860,11910,11930,11970,11970,11990,12050,12070,12120,12100,12090,12150,12190,12290,12350,12390,12460,12490,12530,12530,12510,12520,12530,12540,12570,12630,12620,12640,12740,12810,12800,12800,12830,12820,12800,12820,12910,12970,12850,12730,12700,12740,12720,12690,12720,12750,12780,12790,12680,12540,12500,12470,12490,12510,12480,12490,12420
1028,11460,11430,11450,11650,11840,12080,12010,11870,11900,11720,11620,11600,11650,11640,11610,11620,11610,11640,11640,11590,11560,11600,11610,11630,11720,11800,11790,11770,11800,11810,11780,11760,11800,11840,11870,11930,11970,11950,11920,11870,11870,11910,11900,11860,11910,11930,11970,11970,11990,12050,12070,12120,12100,12090,12150,12190,12290,12350,12390,12460,12490,12530,12530,12510,12520,12530,12540,12570,12630,12620,12640,12740,12810,12800,12800,12830,12820,12800,12820,12910,12970,12850,12730,12700,12740,12720,12690,12720,12750,12780,12790,12680,12540,12500,12470,12490,12510,12480,12490,12420,12380
1029,11430,11450,11650,11840,12080,12010,11870,11900,11720,11620,11600,11650,11640,11610,11620,11610,11640,11640,11590,11560,11600,11610,11630,11720,11800,11790,11770,11800,11810,11780,11760,11800,11840,11870,11930,11970,11950,11920,11870,11870,11910,11900,11860,11910,11930,11970,11970,11990,12050,12070,12120,12100,12090,12150,12190,12290,12350,12390,12460,12490,12530,12530,12510,12520,12530,12540,12570,12630,12620,12640,12740,12810,12800,12800,12830,12820,12800,12820,12910,12970,12850,12730,12700,12740,12720,12690,12720,12750,12780,12790,12680,12540,12500,12470,12490,12510,12480,12490,12420,12380,12400
1030,11450,11650,11840,12080,12010,11870,11900,11720,11620,11600,11650,11640,11610,11620,11610,11640,11640,11590,11560,11600,11610,11630,11720,11800,11790,11770,11800,11810,11780,11760,11800,11840,11870,11930,11970,11950,11920,11870,11870,11910,11900,11860,11910,11930,11970,11970,11990,12050,12070,12120,12100,12090,12150,12190,12290,12350,12390,12460,12490,12530,12530,12510,12520,12530,12540,12570,12630,12620,12640,12740,12810,12800,12800,12830,12820,12800,12820,12910,12970,12850,12730,12700,12740,12720,12690,12720,12750,12780,12790,12680,12540,12500,12470,12490,12510,12480,12490,12420,12380,12400,12360
1031,11650,11840,12080,12010,11870,11900,11720,11620,11600,11650,11640,11610,11620,11610,11640,11640,11590,11560,11600,11610,11630,11720,11800,11790,11770,11800,11810,11780,11760,11800,11840,11870,11930,11970,11950,11920,11870,11870,11910,11900,11860,11910,11930,11970,11970,11990,12050,12070,12120,12100,12090,12150,12190,12290,12350,12390,12460,12490,12530,12530,12510,12520,12530,12540,12570,12630,12620,12640,12740,12810,12800,12800,12830,12820,12800,12820,12910,12970,12850,12730,12700,12740,12720,12690,12720,12750,12780,12790,12680,12540,12500,12470,12490,12510,12480,12490,12420,12380,12400,12360,12280
1032,11840,12080,12010,11870,11900,11720,11620,11600,11650,11640,11610,11620,11610,11640,11640,11590,11560,11600,11610,11630,11720,11800,11790,11770,11800,11810,11780,11760,11800,11840,11870,11930,11970,11950,11920,11870,11870,11910,11900,11860,11910,11930,11970,11970,11990,12050,12070,12120,12100,12090,12150,12190,12290,12350,12390,12460,12490,12530,12530,12510,12520,12530,12540,12570,12630,12620,12640,12740,12810,12800,12800,12830,12820,12800,12820,12910,12970,12850,12730,12700,12740,12720,12690,12720,12750,12780,12790,12680,12540,12500,12470,12490,12510,12480,12490,12420,12380,12400,12360,12280,12290
1033,12080,12010,11870,11900,11720,11620,11600,11650,11640,11610,11620,11610,11640,11640,11590,11560,11600,11610,11630,11720,11800,11790,11770,11800,11810,11780,11760,11800,11840,11870,11930,11970,11950,11920,11870,11870,11910,11900,11860,11910,11930,11970,11970,11990,12050,12070,12120,12100,12090,12150,12190,12290,12350,12390,12460,12490,12530,12530,12510,12520,12530,12540,12570,12630,12620,12640,12740,12810,12800,12800,12830,12820,12800,12820,12910,12970,12850,12730,12700,12740,12720,12690,12720,12750,12780,12790,12680,12540,12500,12470,12490,12510,12480,12490,12420,12380,12400,12360,12280,12290,12230
1034,12010,11870,11900,11720,11620,11600,11650,11640,11610,11620,11610,11640,11640,11590,11560,11600,11610,11630,11720,11800,11790,11770,11800,11810,11780,11760,11800,11840,11870,11930,11970,11950,11920,11870,11870,11910,11900,11860,11910,11930,11970,11970,11990,12050,12070,12120,12100,12090,12150,12190,12290,12350,12390,12460,12490,12530,12530,12510,12520,12530,12540,12570,12630,12620,12640,12740,12810,12800,12800,12830,12820,12800,12820,12910,12970,12850,12730,12700,12740,12720,12690,12720,12750,12780,12790,12680,12540,12500,12470,12490,12510,12480,12490,12420,12380,12400,12360,12280,12290,12230,12260
1035,11870,11900,11720,11620,11600,11650,11640,11610,11620,11610,11640,11640,11590,11560,11600,11610,11630,11720,11800,11790,11770,11800,11810,11780,11760,11800,11840,11870,11930,11970,11950,11920,11870,11870,11910,11900,11860,11910,11930,11970,11970,11990,12050,12070,12120,12100,12090,12150,12190,12290,12350,12390,12460,12490,12530,12530,12510,12520,12530,12540,12570,12630,12620,12640,12740,12810,12800,12800,12830,12820,12800,12820,12910,12970,12850,12730,12700,12740,12720,12690,12720,12750,12780,12790,12680,12540,12500,12470,12490,12510,12480,12490,12420,12380,12400,12360,12280,12290,12230,12260,12360
1036,11900,11720,11620,11600,11650,11640,11610,11620,11610,11640,11640,11590,11560,11600,11610,11630,11720,11800,11790,11770,11800,11810,11780,11760,11800,11840,11870,11930,11970,11950,11920,11870,11870,11910,11900,11860,11910,11930,11970,11970,11990,12050,12070,12120,12100,12090,12150,12190,12290,12350,12390,12460,12490,12530,12530,12510,12520,12530,12540,12570,12630,12620,12640,12740,12810,12800,12800,12830,12820,12800,12820,12910,12970,12850,12730,12700,12740,12720,12690,12720,12750,12780,12790,12680,12540,12500,12470,12490,12510,12480,12490,12420,12380,12400,12360,12280,12290,12230,12260,12360,12470
1037,11720,11620,11600,11650,11640,11610,11620,11610,11640,11640,11590,11560,11600,11610,11630,11720,11800,11790,11770,11800,11810,11780,11760,11800,11840,11870,11930,11970,11950,11920,11870,11870,11910,11900,11860,11910,11930,11970,11970,11990,12050,12070,12120,12100,12090,12150,12190,12290,12350,12390,12460,12490,12530,12530,12510,12520,12530,12540,12570,12630,12620,12640,12740,12810,12800,12800,12830,12820,12800,12820,12910,12970,12850,12730,12700,12740,12720,12690,12720,12750,12780,12790,12680,12540,12500,12470,12490,12510,12480,12490,12420,12380,12400,12360,12280,12290,12230,12260,12360,12470,12520
1038,11620,11600,11650,11640,11610,11620,11610,11640,11640,11590,11560,11600,11610,11630,11720,11800,11790,11770,11800,11810,11780,11760,11800,11840,11870,11930,11970,11950,11920,11870,11870,11910,11900,11860,11910,11930,11970,11970,11990,12050,12070,12120,12100,12090,12150,12190,12290,12350,12390,12460,12490,12530,12530,12510,12520,12530,12540,12570,12630,12620,12640,12740,12810,12800,12800,12830,12820,12800,12820,12910,12970,12850,12730,12700,12740,12720,12690,12720,12750,12780,12790,12680,12540,12500,12470,12490,12510,12480,12490,12420,12380,12400,12360,12280,12290,12230,12260,12360,12470,12520,12570
1039,11600,11650,11640,11610,11620,11610,11640,11640,11590,11560,11600,11610,11630,11720,11800,11790,11770,11800,11810,11780,11760,11800,11840,11870,11930,11970,11950,11920,11870,11870,11910,11900,11860,11910,11930,11970,11970,11990,12050,12070,12120,12100,12090,12150,12190,12290,12350,12390,12460,12490,12530,12530,12510,12520,12530,12540,12570,12630,12620,12640,12740,12810,12800,12800,12830,12820,12800,12820,12910,12970,12850,12730,12700,12740,12720,12690,12720,12750,12780,12790,12680,12540,12500,12470,12490,12510,12480,12490,12420,12380,12400,12360,12280,12290,12230,12260,12360,12470,12520,12570,12690
1040,11650,11640,11610,11620,11610,11640,11640,11590,11560,11600,11610,11630,11720,11800,11790,11770,11800,11810,11780,11760,11800,11840,11870,11930,11970,11950,11920,11870,11870,11910,11900,11860,11910,11930,11970,11970,11990,12050,12070,12120,12100,12090,12150,12190,12290,12350,12390,12460,12490,12530,12530,12510,12520,12530,12540,12570,12630,12620,12640,12740,12810,12800,12800,12830,12820,12800,12820,12910,12970,12850,12730,12700,12740,12720,12690,12720,12750,12780,12790,12680,12540,12500,12470,12490,12510,12480,12490,12420,12380,12400,12360,12280,12290,12230,12260,12360,12470,12520,12570,12690,12800
1041,11640,11610,11620,11610,11640,11640,11590,11560,11600,11610,11630,11720,11800,11790,11770,11800,11810,11780,11760,11800,11840,11870,11930,11970,11950,11920,11870,11870,11910,11900,11860,11910,11930,11970,11970,11990,12050,12070,12120,12100,12090,12150,12190,12290,12350,12390,12460,12490,12530,12530,12510,12520,12530,12540,12570,12630,12620,12640,12740,12810,12800,12800,12830,12820,12800,12820,12910,12970,12850,12730,12700,12740,12720,12690,12720,12750,12780,12790,12680,12540,12500,12470,12490,12510,12480,12490,12420,12380,12400,12360,12280,12290,12230,12260,12360,12470,12520,12570,12690,12800,12770
1042,11610,11620,11610,11640,11640,11590,11560,11600,11610,11630,11720,11800,11790,11770,11800,11810,11780,11760,11800,11840,11870,11930,11970,11950,11920,11870,11870,11910,11900,11860,11910,11930,11970,11970,11990,12050,12070,12120,12100,12090,12150,12190,12290,12350,12390,12460,12490,12530,12530,12510,12520,12530,12540,12570,12630,12620,12640,12740,12810,12800,12800,12830,12820,12800,12820,12910,12970,12850,12730,12700,12740,12720,12690,12720,12750,12780,12790,12680,12540,12500,12470,12490,12510,12480,12490,12420,12380,12400,12360,12280,12290,12230,12260,12360,12470,12520,12570,12690,12800,12770,12830
1043,11620,11610,11640,11640,11590,11560,11600,11610,11630,11720,11800,11790,11770,11800,11810,11780,11760,11800,11840,11870,11930,11970,11950,11920,11870,11870,11910,11900,11860,11910,11930,11970,11970,11990,12050,12070,12120,12100,12090,12150,12190,12290,12350,12390,12460,12490,12530,12530,12510,12520,12530,12540,12570,12630,12620,12640,12740,12810,12800,12800,12830,12820,12800,12820,12910,12970,12850,12730,12700,12740,12720,12690,12720,12750,12780,12790,12680,12540,12500,12470,12490,12510,12480,12490,12420,12380,12400,12360,12280,12290,12230,12260,12360,12470,12520,12570,12690,12800,12770,12830,12780
1044,11610,11640,11640,11590,11560,11600,11610,11630,11720,11800,11790,11770,11800,11810,11780,11760,11800,11840,11870,11930,11970,11950,11920,11870,11870,11910,11900,11860,11910,11930,11970,11970,11990,12050,12070,12120,12100,12090,12150,12190,12290,12350,12390,12460,12490,12530,12530,12510,12520,12530,12540,12570,12630,12620,12640,12740,12810,12800,12800,12830,12820,12800,12820,12910,12970,12850,12730,12700,12740,12720,12690,12720,12750,12780,12790,12680,12540,12500,12470,12490,12510,12480,12490,12420,12380,12400,12360,12280,12290,12230,12260,12360,12470,12520,12570,12690,12800,12770,12830,12780,12830
1045,11640,11640,11590,11560,11600,11610,11630,11720,11800,11790,11770,11800,11810,11780,11760,11800,11840,11870,11930,11970,11950,11920,11870,11870,11910,11900,11860,11910,11930,11970,11970,11990,12050,12070,12120,12100,12090,12150,12190,12290,12350,12390,12460,12490,12530,12530,12510,12520,12530,12540,12570,12630,12620,12640,12740,12810,12800,12800,12830,12820,12800,12820,12910,12970,12850,12730,12700,12740,12720,12690,12720,12750,12780,12790,12680,12540,12500,12470,12490,12510,12480,12490,12420,12380,12400,12360,12280,12290,12230,12260,12360,12470,12520,12570,12690,12800,12770,12830,12780,12830,12980
1046,11640,11590,11560,11600,11610,11630,11720,11800,11790,11770,11800,11810,11780,11760,11800,11840,11870,11930,11970,11950,11920,11870,11870,11910,11900,11860,11910,11930,11970,11970,11990,12050,12070,12120,12100,12090,12150,12190,12290,12350,12390,12460,12490,12530,12530,12510,12520,12530,12540,12570,12630,12620,12640,12740,12810,12800,12800,12830,12820,12800,12820,12910,12970,12850,12730,12700,12740,12720,12690,12720,12750,12780,12790,12680,12540,12500,12470,12490,12510,12480,12490,12420,12380,12400,12360,12280,12290,12230,12260,12360,12470,12520,12570,12690,12800,12770,12830,12780,12830,12980,13080
1047,11590,11560,11600,11610,11630,11720,11800,11790,11770,11800,11810,11780,11760,11800,11840,11870,11930,11970,11950,11920,11870,11870,11910,11900,11860,11910,11930,11970,11970,11990,12050,12070,12120,12100,12090,12150,12190,12290,12350,12390,12460,12490,12530,12530,12510,12520,12530,12540,12570,12630,12620,12640,12740,12810,12800,12800,12830,12820,12800,12820,12910,12970,12850,12730,12700,12740,12720,12690,12720,12750,12780,12790,12680,12540,12500,12470,12490,12510,12480,12490,12420,12380,12400,12360,12280,12290,12230,12260,12360,12470,12520,12570,12690,12800,12770,12830,12780,12830,12980,13080,13070
1048,11560,11600,11610,11630,11720,11800,11790,11770,11800,11810,11780,11760,11800,11840,11870,11930,11970,11950,11920,11870,11870,11910,11900,11860,11910,11930,11970,11970,11990,12050,12070,12120,12100,12090,12150,12190,12290,12350,12390,12460,12490,12530,12530,12510,12520,12530,12540,12570,12630,12620,12640,12740,12810,12800,12800,12830,12820,12800,12820,12910,12970,12850,12730,12700,12740,12720,12690,12720,12750,12780,12790,12680,12540,12500,12470,12490,12510,12480,12490,12420,12380,12400,12360,12280,12290,12230,12260,12360,12470,12520,12570,12690,12800,12770,12830,12780,12830,12980,13080,13070,13160
1049,11600,11610,11630,11720,11800,11790,11770,11800,11810,11780,11760,11800,11840,11870,11930,11970,11950,11920,11870,11870,11910,11900,11860,11910,11930,11970,11970,11990,12050,12070,12120,12100,12090,12150,12190,12290,12350,12390,12460,12490,12530,12530,12510,12520,12530,12540,12570,12630,12620,12640,12740,12810,12800,12800,12830,12820,12800,12820,12910,12970,12850,12730,12700,12740,12720,12690,12720,12750,12780,12790,12680,12540,12500,12470,12490,12510,12480,12490,12420,12380,12400,12360,12280,12290,12230,12260,12360,12470,12520,12570,12690,12800,12770,12830,12780,12830,12980,13080,13070,13160,13380
1050,11610,11630,11720,11800,11790,11770,11800,11810,11780,11760,11800,11840,11870,11930,11970,11950,11920,11870,11870,11910,11900,11860,11910,11930,11970,11970,11990,12050,12070,12120,12100,12090,12150,12190,12290,12350,12390,12460,12490,12530,12530,12510,12520,12530,12540,12570,12630,12620,12640,12740,12810,12800,12800,12830,12820,12800,12820,12910,12970,12850,12730,12700,12740,12720,12690,12720,12750,12780,12790,12680,12540,12500,12470,12490,12510,12480,12490,12420,12380,12400,12360,12280,12290,12230,12260,12360,12470,12520,12570,12690,12800,12770,12830,12780,12830,12980,13080,13070,13160,13380,13370
1051,11630,11720,11800,11790,11770,11800,11810,11780,11760,11800,11840,11870,11930,11970,11950,11920,11870,11870,11910,11900,11860,11910,11930,11970,11970,11990,12050,12070,12120,12100,12090,12150,12190,12290,12350,12390,12460,12490,12530,12530,12510,12520,12530,12540,12570,12630,12620,12640,12740,12810,12800,12800,12830,12820,12800,12820,12910,12970,12850,12730,12700,12740,12720,12690,12720,12750,12780,12790,12680,12540,12500,12470,12490,12510,12480,12490,12420,12380,12400,12360,12280,12290,12230,12260,12360,12470,12520,12570,12690,12800,12770,12830,12780,12830,12980,13080,13070,13160,13380,13370,13290
1052,11720,11800,11790,11770,11800,11810,11780,11760,11800,11840,11870,11930,11970,11950,11920,11870,11870,11910,11900,11860,11910,11930,11970,11970,11990,12050,12070,12120,12100,12090,12150,12190,12290,12350,12390,12460,12490,12530,12530,12510,12520,12530,12540,12570,12630,12620,12640,12740,12810,12800,12800,12830,12820,12800,12820,12910,12970,12850,12730,12700,12740,12720,12690,12720,12750,12780,12790,12680,12540,12500,12470,12490,12510,12480,12490,12420,12380,12400,12360,12280,12290,12230,12260,12360,12470,12520,12570,12690,12800,12770,12830,12780,12830,12980,13080,13070,13160,13380,13370,13290,13470
1053,11800,11790,11770,11800,11810,11780,11760,11800,11840,11870,11930,11970,11950,11920,11870,11870,11910,11900,11860,11910,11930,11970,11970,11990,12050,12070,12120,12100,12090,12150,12190,12290,12350,12390,12460,12490,12530,12530,12510,12520,12530,12540,12570,12630,12620,12640,12740,12810,12800,12800,12830,12820,12800,12820,12910,12970,12850,12730,12700,12740,12720,12690,12720,12750,12780,12790,12680,12540,12500,12470,12490,12510,12480,12490,12420,12380,12400,12360,12280,12290,12230,12260,12360,12470,12520,12570,12690,12800,12770,12830,12780,12830,12980,13080,13070,13160,13380,13370,13290,13470,13540
1054,11790,11770,11800,11810,11780,11760,11800,11840,11870,11930,11970,11950,11920,11870,11870,11910,11900,11860,11910,11930,11970,11970,11990,12050,12070,12120,12100,12090,12150,12190,12290,12350,12390,12460,12490,12530,12530,12510,12520,12530,12540,12570,12630,12620,12640,12740,12810,12800,12800,12830,12820,12800,12820,12910,12970,12850,12730,12700,12740,12720,12690,12720,12750,12780,12790,12680,12540,12500,12470,12490,12510,12480,12490,12420,12380,12400,12360,12280,12290,12230,12260,12360,12470,12520,12570,12690,12800,12770,12830,12780,12830,12980,13080,13070,13160,13380,13370,13290,13470,13540,13500
1055,11770,11800,11810,11780,11760,11800,11840,11870,11930,11970,11950,11920,11870,11870,11910,11900,11860,11910,11930,11970,11970,11990,12050,12070,12120,12100,12090,12150,12190,12290,12350,12390,12460,12490,12530,12530,12510,12520,12530,12540,12570,12630,12620,12640,12740,12810,12800,12800,12830,12820,12800,12820,12910,12970,12850,12730,12700,12740,12720,12690,12720,12750,12780,12790,12680,12540,12500,12470,12490,12510,12480,12490,12420,12380,12400,12360,12280,12290,12230,12260,12360,12470,12520,12570,12690,12800,12770,12830,12780,12830,12980,13080,13070,13160,13380,13370,13290,13470,13540,13500,13620
1056,11800,11810,11780,11760,11800,11840,11870,11930,11970,11950,11920,11870,11870,11910,11900,11860,11910,11930,11970,11970,11990,12050,12070,12120,12100,12090,12150,12190,12290,12350,12390,12460,12490,12530,12530,12510,12520,12530,12540,12570,12630,12620,12640,12740,12810,12800,12800,12830,12820,12800,12820,12910,12970,12850,12730,12700,12740,12720,12690,12720,12750,12780,12790,12680,12540,12500,12470,12490,12510,12480,12490,12420,12380,12400,12360,12280,12290,12230,12260,12360,12470,12520,12570,12690,12800,12770,12830,12780,12830,12980,13080,13070,13160,13380,13370,13290,13470,13540,13500,13620,14000
1057,11810,11780,11760,11800,11840,11870,11930,11970,11950,11920,11870,11870,11910,11900,11860,11910,11930,11970,11970,11990,12050,12070,12120,12100,12090,12150,12190,12290,12350,12390,12460,12490,12530,12530,12510,12520,12530,12540,12570,12630,12620,12640,12740,12810,12800,12800,12830,12820,12800,12820,12910,12970,12850,12730,12700,12740,12720,12690,12720,12750,12780,12790,12680,12540,12500,12470,12490,12510,12480,12490,12420,12380,12400,12360,12280,12290,12230,12260,12360,12470,12520,12570,12690,12800,12770,12830,12780,12830,12980,13080,13070,13160,13380,13370,13290,13470,13540,13500,13620,14000,13740
1058,11780,11760,11800,11840,11870,11930,11970,11950,11920,11870,11870,11910,11900,11860,11910,11930,11970,11970,11990,12050,12070,12120,12100,12090,12150,12190,12290,12350,12390,12460,12490,12530,12530,12510,12520,12530,12540,12570,12630,12620,12640,12740,12810,12800,12800,12830,12820,12800,12820,12910,12970,12850,12730,12700,12740,12720,12690,12720,12750,12780,12790,12680,12540,12500,12470,12490,12510,12480,12490,12420,12380,12400,12360,12280,12290,12230,12260,12360,12470,12520,12570,12690,12800,12770,12830,12780,12830,12980,13080,13070,13160,13380,13370,13290,13470,13540,13500,13620,14000,13740,13590
1059,11760,11800,11840,11870,11930,11970,11950,11920,11870,11870,11910,11900,11860,11910,11930,11970,11970,11990,12050,12070,12120,12100,12090,12150,12190,12290,12350,12390,12460,12490,12530,12530,12510,12520,12530,12540,12570,12630,12620,12640,12740,12810,12800,12800,12830,12820,12800,12820,12910,12970,12850,12730,12700,12740,12720,12690,12720,12750,12780,12790,12680,12540,12500,12470,12490,12510,12480,12490,12420,12380,12400,12360,12280,12290,12230,12260,12360,12470,12520,12570,12690,12800,12770,12830,12780,12830,12980,13080,13070,13160,13380,13370,13290,13470,13540,13500,13620,14000,13740,13590,13640
1060,11800,11840,11870,11930,11970,11950,11920,11870,11870,11910,11900,11860,11910,11930,11970,11970,11990,12050,12070,12120,12100,12090,12150,12190,12290,12350,12390,12460,12490,12530,12530,12510,12520,12530,12540,12570,12630,12620,12640,12740,12810,12800,12800,12830,12820,12800,12820,12910,12970,12850,12730,12700,12740,12720,12690,12720,12750,12780,12790,12680,12540,12500,12470,12490,12510,12480,12490,12420,12380,12400,12360,12280,12290,12230,12260,12360,12470,12520,12570,12690,12800,12770,12830,12780,12830,12980,13080,13070,13160,13380,13370,13290,13470,13540,13500,13620,14000,13740,13590,13640,13680
1061,11840,11870,11930,11970,11950,11920,11870,11870,11910,11900,11860,11910,11930,11970,11970,11990,12050,12070,12120,12100,12090,12150,12190,12290,12350,12390,12460,12490,12530,12530,12510,12520,12530,12540,12570,12630,12620,12640,12740,12810,12800,12800,12830,12820,12800,12820,12910,12970,12850,12730,12700,12740,12720,12690,12720,12750,12780,12790,12680,12540,12500,12470,12490,12510,12480,12490,12420,12380,12400,12360,12280,12290,12230,12260,12360,12470,12520,12570,12690,12800,12770,12830,12780,12830,12980,13080,13070,13160,13380,13370,13290,13470,13540,13500,13620,14000,13740,13590,13640,13680,13550
1062,11870,11930,11970,11950,11920,11870,11870,11910,11900,11860,11910,11930,11970,11970,11990,12050,12070,12120,12100,12090,12150,12190,12290,12350,12390,12460,12490,12530,12530,12510,12520,12530,12540,12570,12630,12620,12640,12740,12810,12800,12800,12830,12820,12800,12820,12910,12970,12850,12730,12700,12740,12720,12690,12720,12750,12780,12790,12680,12540,12500,12470,12490,12510,12480,12490,12420,12380,12400,12360,12280,12290,12230,12260,12360,12470,12520,12570,12690,12800,12770,12830,12780,12830,12980,13080,13070,13160,13380,13370,13290,13470,13540,13500,13620,14000,13740,13590,13640,13680,13550,13340
1063,11930,11970,11950,11920,11870,11870,11910,11900,11860,11910,11930,11970,11970,11990,12050,12070,12120,12100,12090,12150,12190,12290,12350,12390,12460,12490,12530,12530,12510,12520,12530,12540,12570,12630,12620,12640,12740,12810,12800,12800,12830,12820,12800,12820,12910,12970,12850,12730,12700,12740,12720,12690,12720,12750,12780,12790,12680,12540,12500,12470,12490,12510,12480,12490,12420,12380,12400,12360,12280,12290,12230,12260,12360,12470,12520,12570,12690,12800,12770,12830,12780,12830,12980,13080,13070,13160,13380,13370,13290,13470,13540,13500,13620,14000,13740,13590,13640,13680,13550,13340,13340
1064,11970,11950,11920,11870,11870,11910,11900,11860,11910,11930,11970,11970,11990,12050,12070,12120,12100,12090,12150,12190,12290,12350,12390,12460,12490,12530,12530,12510,12520,12530,12540,12570,12630,12620,12640,12740,12810,12800,12800,12830,12820,12800,12820,12910,12970,12850,12730,12700,12740,12720,12690,12720,12750,12780,12790,12680,12540,12500,12470,12490,12510,12480,12490,12420,12380,12400,12360,12280,12290,12230,12260,12360,12470,12520,12570,12690,12800,12770,12830,12780,12830,12980,13080,13070,13160,13380,13370,13290,13470,13540,13500,13620,14000,13740,13590,13640,13680,13550,13340,13340,13330
1065,11950,11920,11870,11870,11910,11900,11860,11910,11930,11970,11970,11990,12050,12070,12120,12100,12090,12150,12190,12290,12350,12390,12460,12490,12530,12530,12510,12520,12530,12540,12570,12630,12620,12640,12740,12810,12800,12800,12830,12820,12800,12820,12910,12970,12850,12730,12700,12740,12720,12690,12720,12750,12780,12790,12680,12540,12500,12470,12490,12510,12480,12490,12420,12380,12400,12360,12280,12290,12230,12260,12360,12470,12520,12570,12690,12800,12770,12830,12780,12830,12980,13080,13070,13160,13380,13370,13290,13470,13540,13500,13620,14000,13740,13590,13640,13680,13550,13340,13340,13330,13030
1066,11920,11870,11870,11910,11900,11860,11910,11930,11970,11970,11990,12050,12070,12120,12100,12090,12150,12190,12290,12350,12390,12460,12490,12530,12530,12510,12520,12530,12540,12570,12630,12620,12640,12740,12810,12800,12800,12830,12820,12800,12820,12910,12970,12850,12730,12700,12740,12720,12690,12720,12750,12780,12790,12680,12540,12500,12470,12490,12510,12480,12490,12420,12380,12400,12360,12280,12290,12230,12260,12360,12470,12520,12570,12690,12800,12770,12830,12780,12830,12980,13080,13070,13160,13380,13370,13290,13470,13540,13500,13620,14000,13740,13590,13640,13680,13550,13340,13340,13330,13030,12980
1067,11870,11870,11910,11900,11860,11910,11930,11970,11970,11990,12050,12070,12120,12100,12090,12150,12190,12290,12350,12390,12460,12490,12530,12530,12510,12520,12530,12540,12570,12630,12620,12640,12740,12810,12800,12800,12830,12820,12800,12820,12910,12970,12850,12730,12700,12740,12720,12690,12720,12750,12780,12790,12680,12540,12500,12470,12490,12510,12480,12490,12420,12380,12400,12360,12280,12290,12230,12260,12360,12470,12520,12570,12690,12800,12770,12830,12780,12830,12980,13080,13070,13160,13380,13370,13290,13470,13540,13500,13620,14000,13740,13590,13640,13680,13550,13340,13340,13330,13030,12980,12810
1068,11870,11910,11900,11860,11910,11930,11970,11970,11990,12050,12070,12120,12100,12090,12150,12190,12290,12350,12390,12460,12490,12530,12530,12510,12520,12530,12540,12570,12630,12620,12640,12740,12810,12800,12800,12830,12820,12800,12820,12910,12970,12850,12730,12700,12740,12720,12690,12720,12750,12780,12790,12680,12540,12500,12470,12490,12510,12480,12490,12420,12380,12400,12360,12280,12290,12230,12260,12360,12470,12520,12570,12690,12800,12770,12830,12780,12830,12980,13080,13070,13160,13380,13370,13290,13470,13540,13500,13620,14000,13740,13590,13640,13680,13550,13340,13340,13330,13030,12980,12810,12850
1069,11910,11900,11860,11910,11930,11970,11970,11990,12050,12070,12120,12100,12090,12150,12190,12290,12350,12390,12460,12490,12530,12530,12510,12520,12530,12540,12570,12630,12620,12640,12740,12810,12800,12800,12830,12820,12800,12820,12910,12970,12850,12730,12700,12740,12720,12690,12720,12750,12780,12790,12680,12540,12500,12470,12490,12510,12480,12490,12420,12380,12400,12360,12280,12290,12230,12260,12360,12470,12520,12570,12690,12800,12770,12830,12780,12830,12980,13080,13070,13160,13380,13370,13290,13470,13540,13500,13620,14000,13740,13590,13640,13680,13550,13340,13340,13330,13030,12980,12810,12850,12840
1070,11900,11860,11910,11930,11970,11970,11990,12050,12070,12120,12100,12090,12150,12190,12290,12350,12390,12460,12490,12530,12530,12510,12520,12530,12540,12570,12630,12620,12640,12740,12810,12800,12800,12830,12820,12800,12820,12910,12970,12850,12730,12700,12740,12720,12690,12720,12750,12780,12790,12680,12540,12500,12470,12490,12510,12480,12490,12420,12380,12400,12360,12280,12290,12230,12260,12360,12470,12520,12570,12690,12800,12770,12830,12780,12830,12980,13080,13070,13160,13380,13370,13290,13470,13540,13500,13620,14000,13740,13590,13640,13680,13550,13340,13340,13330,13030,12980,12810,12850,12840,12980
1071,11860,11910,11930,11970,11970,11990,12050,12070,12120,12100,12090,12150,12190,12290,12350,12390,12460,12490,12530,12530,12510,12520,12530,12540,12570,12630,12620,12640,12740,12810,12800,12800,12830,12820,12800,12820,12910,12970,12850,12730,12700,12740,12720,12690,12720,12750,12780,12790,12680,12540,12500,12470,12490,12510,12480,12490,12420,12380,12400,12360,12280,12290,12230,12260,12360,12470,12520,12570,12690,12800,12770,12830,12780,12830,12980,13080,13070,13160,13380,13370,13290,13470,13540,13500,13620,14000,13740,13590,13640,13680,13550,13340,13340,13330,13030,12980,12810,12850,12840,12980,13080
1072,11910,11930,11970,11970,11990,12050,12070,12120,12100,12090,12150,12190,12290,12350,12390,12460,12490,12530,12530,12510,12520,12530,12540,12570,12630,12620,12640,12740,12810,12800,12800,12830,12820,12800,12820,12910,12970,12850,12730,12700,12740,12720,12690,12720,12750,12780,12790,12680,12540,12500,12470,12490,12510,12480,12490,12420,12380,12400,12360,12280,12290,12230,12260,12360,12470,12520,12570,12690,12800,12770,12830,12780,12830,12980,13080,13070,13160,13380,13370,13290,13470,13540,13500,13620,14000,13740,13590,13640,13680,13550,13340,13340,13330,13030,12980,12810,12850,12840,12980,13080,13080
1073,11930,11970,11970,11990,12050,12070,12120,12100,12090,12150,12190,12290,12350,12390,12460,12490,12530,12530,12510,12520,12530,12540,12570,12630,12620,12640,12740,12810,12800,12800,12830,12820,12800,12820,12910,12970,12850,12730,12700,12740,12720,12690,12720,12750,12780,12790,12680,12540,12500,12470,12490,12510,12480,12490,12420,12380,12400,12360,12280,12290,12230,12260,12360,12470,12520,12570,12690,12800,12770,12830,12780,12830,12980,13080,13070,13160,13380,13370,13290,13470,13540,13500,13620,14000,13740,13590,13640,13680,13550,13340,13340,13330,13030,12980,12810,12850,12840,12980,13080,13080,13090
1074,11970,11970,11990,12050,12070,12120,12100,12090,12150,12190,12290,12350,12390,12460,12490,12530,12530,12510,12520,12530,12540,12570,12630,12620,12640,12740,12810,12800,12800,12830,12820,12800,12820,12910,12970,12850,12730,12700,12740,12720,12690,12720,12750,12780,12790,12680,12540,12500,12470,12490,12510,12480,12490,12420,12380,12400,12360,12280,12290,12230,12260,12360,12470,12520,12570,12690,12800,12770,12830,12780,12830,12980,13080,13070,13160,13380,13370,13290,13470,13540,13500,13620,14000,13740,13590,13640,13680,13550,13340,13340,13330,13030,12980,12810,12850,12840,12980,13080,13080,13090,13120
1075,11970,11990,12050,12070,12120,12100,12090,12150,12190,12290,12350,12390,12460,12490,12530,12530,12510,12520,12530,12540,12570,12630,12620,12640,12740,12810,12800,12800,12830,12820,12800,12820,12910,12970,12850,12730,12700,12740,12720,12690,12720,12750,12780,12790,12680,12540,12500,12470,12490,12510,12480,12490,12420,12380,12400,12360,12280,12290,12230,12260,12360,12470,12520,12570,12690,12800,12770,12830,12780,12830,12980,13080,13070,13160,13380,13370,13290,13470,13540,13500,13620,14000,13740,13590,13640,13680,13550,13340,13340,13330,13030,12980,12810,12850,12840,12980,13080,13080,13090,13120,13150
1076,11990,12050,12070,12120,12100,12090,12150,12190,12290,12350,12390,12460,12490,12530,12530,12510,12520,12530,12540,12570,12630,12620,12640,12740,12810,12800,12800,12830,12820,12800,12820,12910,12970,12850,12730,12700,12740,12720,12690,12720,12750,12780,12790,12680,12540,12500,12470,12490,12510,12480,12490,12420,12380,12400,12360,12280,12290,12230,12260,12360,12470,12520,12570,12690,12800,12770,12830,12780,12830,12980,13080,13070,13160,13380,13370,13290,13470,13540,13500,13620,14000,13740,13590,13640,13680,13550,13340,13340,13330,13030,12980,12810,12850,12840,12980,13080,13080,13090,13120,13150,13230
1077,12050,12070,12120,12100,12090,12150,12190,12290,12350,12390,12460,12490,12530,12530,12510,12520,12530,12540,12570,12630,12620,12640,12740,12810,12800,12800,12830,12820,12800,12820,12910,12970,12850,12730,12700,12740,12720,12690,12720,12750,12780,12790,12680,12540,12500,12470,12490,12510,12480,12490,12420,12380,12400,12360,12280,12290,12230,12260,12360,12470,12520,12570,12690,12800,12770,12830,12780,12830,12980,13080,13070,13160,13380,13370,13290,13470,13540,13500,13620,14000,13740,13590,13640,13680,13550,13340,13340,13330,13030,12980,12810,12850,12840,12980,13080,13080,13090,13120,13150,13230,13320
1078,12070,12120,12100,12090,12150,12190,12290,12350,12390,12460,12490,12530,12530,12510,12520,12530,12540,12570,12630,12620,12640,12740,12810,12800,12800,12830,12820,12800,12820,12910,12970,12850,12730,12700,12740,12720,12690,12720,12750,12780,12790,12680,12540,12500,12470,12490,12510,12480,12490,12420,12380,12400,12360,12280,12290,12230,12260,12360,12470,12520,12570,12690,12800,12770,12830,12780,12830,12980,13080,13070,13160,13380,13370,13290,13470,13540,13500,13620,14000,13740,13590,13640,13680,13550,13340,13340,13330,13030,12980,12810,12850,12840,12980,13080,13080,13090,13120,13150,13230,13320,13310
1079,12120,12100,12090,12150,12190,12290,12350,12390,12460,12490,12530,12530,12510,12520,12530,12540,12570,12630,12620,12640,12740,12810,12800,12800,12830,12820,12800,12820,12910,12970,12850,12730,12700,12740,12720,12690,12720,12750,12780,12790,12680,12540,12500,12470,12490,12510,12480,12490,12420,12380,12400,12360,12280,12290,12230,12260,12360,12470,12520,12570,12690,12800,12770,12830,12780,12830,12980,13080,13070,13160,13380,13370,13290,13470,13540,13500,13620,14000,13740,13590,13640,13680,13550,13340,13340,13330,13030,12980,12810,12850,12840,12980,13080,13080,13090,13120,13150,13230,13320,13310,13290
1080,12100,12090,12150,12190,12290,12350,12390,12460,12490,12530,12530,12510,12520,12530,12540,12570,12630,12620,12640,12740,12810,12800,12800,12830,12820,12800,12820,12910,12970,12850,12730,12700,12740,12720,12690,12720,12750,12780,12790,12680,12540,12500,12470,12490,12510,12480,12490,12420,12380,12400,12360,12280,12290,12230,12260,12360,12470,12520,12570,12690,12800,12770,12830,12780,12830,12980,13080,13070,13160,13380,13370,13290,13470,13540,13500,13620,14000,13740,13590,13640,13680,13550,13340,13340,13330,13030,12980,12810,12850,12840,12980,13080,13080,13090,13120,13150,13230,13320,13310,13290,13530
1081,12090,12150,12190,12290,12350,12390,12460,12490,12530,12530,12510,12520,12530,12540,12570,12630,12620,12640,12740,12810,12800,12800,12830,12820,12800,12820,12910,12970,12850,12730,12700,12740,12720,12690,12720,12750,12780,12790,12680,12540,12500,12470,12490,12510,12480,12490,12420,12380,12400,12360,12280,12290,12230,12260,12360,12470,12520,12570,12690,12800,12770,12830,12780,12830,12980,13080,13070,13160,13380,13370,13290,13470,13540,13500,13620,14000,13740,13590,13640,13680,13550,13340,13340,13330,13030,12980,12810,12850,12840,12980,13080,13080,13090,13120,13150,13230,13320,13310,13290,13530,13760
1082,12150,12190,12290,12350,12390,12460,12490,12530,12530,12510,12520,12530,12540,12570,12630,12620,12640,12740,12810,12800,12800,12830,12820,12800,12820,12910,12970,12850,12730,12700,12740,12720,12690,12720,12750,12780,12790,12680,12540,12500,12470,12490,12510,12480,12490,12420,12380,12400,12360,12280,12290,12230,12260,12360,12470,12520,12570,12690,12800,12770,12830,12780,12830,12980,13080,13070,13160,13380,13370,13290,13470,13540,13500,13620,14000,13740,13590,13640,13680,13550,13340,13340,13330,13030,12980,12810,12850,12840,12980,13080,13080,13090,13120,13150,13230,13320,13310,13290,13530,13760,14120
1083,12190,12290,12350,12390,12460,12490,12530,12530,12510,12520,12530,12540,12570,12630,12620,12640,12740,12810,12800,12800,12830,12820,12800,12820,12910,12970,12850,12730,12700,12740,12720,12690,12720,12750,12780,12790,12680,12540,12500,12470,12490,12510,12480,12490,12420,12380,12400,12360,12280,12290,12230,12260,12360,12470,12520,12570,12690,12800,12770,12830,12780,12830,12980,13080,13070,13160,13380,13370,13290,13470,13540,13500,13620,14000,13740,13590,13640,13680,13550,13340,13340,13330,13030,12980,12810,12850,12840,12980,13080,13080,13090,13120,13150,13230,13320,13310,13290,13530,13760,14120,13680
1084,12290,12350,12390,12460,12490,12530,12530,12510,12520,12530,12540,12570,12630,12620,12640,12740,12810,12800,12800,12830,12820,12800,12820,12910,12970,12850,12730,12700,12740,12720,12690,12720,12750,12780,12790,12680,12540,12500,12470,12490,12510,12480,12490,12420,12380,12400,12360,12280,12290,12230,12260,12360,12470,12520,12570,12690,12800,12770,12830,12780,12830,12980,13080,13070,13160,13380,13370,13290,13470,13540,13500,13620,14000,13740,13590,13640,13680,13550,13340,13340,13330,13030,12980,12810,12850,12840,12980,13080,13080,13090,13120,13150,13230,13320,13310,13290,13530,13760,14120,13680,13670
1085,12350,12390,12460,12490,12530,12530,12510,12520,12530,12540,12570,12630,12620,12640,12740,12810,12800,12800,12830,12820,12800,12820,12910,12970,12850,12730,12700,12740,12720,12690,12720,12750,12780,12790,12680,12540,12500,12470,12490,12510,12480,12490,12420,12380,12400,12360,12280,12290,12230,12260,12360,12470,12520,12570,12690,12800,12770,12830,12780,12830,12980,13080,13070,13160,13380,13370,13290,13470,13540,13500,13620,14000,13740,13590,13640,13680,13550,13340,13340,13330,13030,12980,12810,12850,12840,12980,13080,13080,13090,13120,13150,13230,13320,13310,13290,13530,13760,14120,13680,13670,13800
1086,12390,12460,12490,12530,12530,12510,12520,12530,12540,12570,12630,12620,12640,12740,12810,12800,12800,12830,12820,12800,12820,12910,12970,12850,12730,12700,12740,12720,12690,12720,12750,12780,12790,12680,12540,12500,12470,12490,12510,12480,12490,12420,12380,12400,12360,12280,12290,12230,12260,12360,12470,12520,12570,12690,12800,12770,12830,12780,12830,12980,13080,13070,13160,13380,13370,13290,13470,13540,13500,13620,14000,13740,13590,13640,13680,13550,13340,13340,13330,13030,12980,12810,12850,12840,12980,13080,13080,13090,13120,13150,13230,13320,13310,13290,13530,13760,14120,13680,13670,13800,13770
1087,12460,12490,12530,12530,12510,12520,12530,12540,12570,12630,12620,12640,12740,12810,12800,12800,12830,12820,12800,12820,12910,12970,12850,12730,12700,12740,12720,12690,12720,12750,12780,12790,12680,12540,12500,12470,12490,12510,12480,12490,12420,12380,12400,12360,12280,12290,12230,12260,12360,12470,12520,12570,12690,12800,12770,12830,12780,12830,12980,13080,13070,13160,13380,13370,13290,13470,13540,13500,13620,14000,13740,13590,13640,13680,13550,13340,13340,13330,13030,12980,12810,12850,12840,12980,13080,13080,13090,13120,13150,13230,13320,13310,13290,13530,13760,14120,13680,13670,13800,13770,13800
1088,12490,12530,12530,12510,12520,12530,12540,12570,12630,12620,12640,12740,12810,12800,12800,12830,12820,12800,12820,12910,12970,12850,12730,12700,12740,12720,12690,12720,12750,12780,12790,12680,12540,12500,12470,12490,12510,12480,12490,12420,12380,12400,12360,12280,12290,12230,12260,12360,12470,12520,12570,12690,12800,12770,12830,12780,12830,12980,13080,13070,13160,13380,13370,13290,13470,13540,13500,13620,14000,13740,13590,13640,13680,13550,13340,13340,13330,13030,12980,12810,12850,12840,12980,13080,13080,13090,13120,13150,13230,13320,13310,13290,13530,13760,14120,13680,13670,13800,13770,13800,13850
1089,12530,12530,12510,12520,12530,12540,12570,12630,12620,12640,12740,12810,12800,12800,12830,12820,12800,12820,12910,12970,12850,12730,12700,12740,12720,12690,12720,12750,12780,12790,12680,12540,12500,12470,12490,12510,12480,12490,12420,12380,12400,12360,12280,12290,12230,12260,12360,12470,12520,12570,12690,12800,12770,12830,12780,12830,12980,13080,13070,13160,13380,13370,13290,13470,13540,13500,13620,14000,13740,13590,13640,13680,13550,13340,13340,13330,13030,12980,12810,12850,12840,12980,13080,13080,13090,13120,13150,13230,13320,13310,13290,13530,13760,14120,13680,13670,13800,13770,13800,13850,13930
1090,12530,12510,12520,12530,12540,12570,12630,12620,12640,12740,12810,12800,12800,12830,12820,12800,12820,12910,12970,12850,12730,12700,12740,12720,12690,12720,12750,12780,12790,12680,12540,12500,12470,12490,12510,12480,12490,12420,12380,12400,12360,12280,12290,12230,12260,12360,12470,12520,12570,12690,12800,12770,12830,12780,12830,12980,13080,13070,13160,13380,13370,13290,13470,13540,13500,13620,14000,13740,13590,13640,13680,13550,13340,13340,13330,13030,12980,12810,12850,12840,12980,13080,13080,13090,13120,13150,13230,13320,13310,13290,13530,13760,14120,13680,13670,13800,13770,13800,13850,13930,13890
1091,12510,12520,12530,12540,12570,12630,12620,12640,12740,12810,12800,12800,12830,12820,12800,12820,12910,12970,12850,12730,12700,12740,12720,12690,12720,12750,12780,12790,12680,12540,12500,12470,12490,12510,12480,12490,12420,12380,12400,12360,12280,12290,12230,12260,12360,12470,12520,12570,12690,12800,12770,12830,12780,12830,12980,13080,13070,13160,13380,13370,13290,13470,13540,13500,13620,14000,13740,13590,13640,13680,13550,13340,13340,13330,13030,12980,12810,12850,12840,12980,13080,13080,13090,13120,13150,13230,13320,13310,13290,13530,13760,14120,13680,13670,13800,13770,13800,13850,13930,13890,13950
1092,12520,12530,12540,12570,12630,12620,12640,12740,12810,12800,12800,12830,12820,12800,12820,12910,12970,12850,12730,12700,12740,12720,12690,12720,12750,12780,12790,12680,12540,12500,12470,12490,12510,12480,12490,12420,12380,12400,12360,12280,12290,12230,12260,12360,12470,12520,12570,12690,12800,12770,12830,12780,12830,12980,13080,13070,13160,13380,13370,13290,13470,13540,13500,13620,14000,13740,13590,13640,13680,13550,13340,13340,13330,13030,12980,12810,12850,12840,12980,13080,13080,13090,13120,13150,13230,13320,13310,13290,13530,13760,14120,13680,13670,13800,13770,13800,13850,13930,13890,13950,14140
1093,12530,12540,12570,12630,12620,12640,12740,12810,12800,12800,12830,12820,12800,12820,12910,12970,12850,12730,12700,12740,12720,12690,12720,12750,12780,12790,12680,12540,12500,12470,12490,12510,12480,12490,12420,12380,12400,12360,12280,12290,12230,12260,12360,12470,12520,12570,12690,12800,12770,12830,12780,12830,12980,13080,13070,13160,13380,13370,13290,13470,13540,13500,13620,14000,13740,13590,13640,13680,13550,13340,13340,13330,13030,12980,12810,12850,12840,12980,13080,13080,13090,13120,13150,13230,13320,13310,13290,13530,13760,14120,13680,13670,13800,13770,13800,13850,13930,13890,13950,14140,14210
1094,12540,12570,12630,12620,12640,12740,12810,12800,12800,12830,12820,12800,12820,12910,12970,12850,12730,12700,12740,12720,12690,12720,12750,12780,12790,12680,12540,12500,12470,12490,12510,12480,12490,12420,12380,12400,12360,12280,12290,12230,12260,12360,12470,12520,12570,12690,12800,12770,12830,12780,12830,12980,13080,13070,13160,13380,13370,13290,13470,13540,13500,13620,14000,13740,13590,13640,13680,13550,13340,13340,13330,13030,12980,12810,12850,12840,12980,13080,13080,13090,13120,13150,13230,13320,13310,13290,13530,13760,14120,13680,13670,13800,13770,13800,13850,13930,13890,13950,14140,14210,14310
1095,12570,12630,12620,12640,12740,12810,12800,12800,12830,12820,12800,12820,12910,12970,12850,12730,12700,12740,12720,12690,12720,12750,12780,12790,12680,12540,12500,12470,12490,12510,12480,12490,12420,12380,12400,12360,12280,12290,12230,12260,12360,12470,12520,12570,12690,12800,12770,12830,12780,12830,12980,13080,13070,13160,13380,13370,13290,13470,13540,13500,13620,14000,13740,13590,13640,13680,13550,13340,13340,13330,13030,12980,12810,12850,12840,12980,13080,13080,13090,13120,13150,13230,13320,13310,13290,13530,13760,14120,13680,13670,13800,13770,13800,13850,13930,13890,13950,14140,14210,14310,14480
1096,12630,12620,12640,12740,12810,12800,12800,12830,12820,12800,12820,12910,12970,12850,12730,12700,12740,12720,12690,12720,12750,12780,12790,12680,12540,12500,12470,12490,12510,12480,12490,12420,12380,12400,12360,12280,12290,12230,12260,12360,12470,12520,12570,12690,12800,12770,12830,12780,12830,12980,13080,13070,13160,13380,13370,13290,13470,13540,13500,13620,14000,13740,13590,13640,13680,13550,13340,13340,13330,13030,12980,12810,12850,12840,12980,13080,13080,13090,13120,13150,13230,13320,13310,13290,13530,13760,14120,13680,13670,13800,13770,13800,13850,13930,13890,13950,14140,14210,14310,14480,14680
1097,12620,12640,12740,12810,12800,12800,12830,12820,12800,12820,12910,12970,12850,12730,12700,12740,12720,12690,12720,12750,12780,12790,12680,12540,12500,12470,12490,12510,12480,12490,12420,12380,12400,12360,12280,12290,12230,12260,12360,12470,12520,12570,12690,12800,12770,12830,12780,12830,12980,13080,13070,13160,13380,13370,13290,13470,13540,13500,13620,14000,13740,13590,13640,13680,13550,13340,13340,13330,13030,12980,12810,12850,12840,12980,13080,13080,13090,13120,13150,13230,13320,13310,13290,13530,13760,14120,13680,13670,13800,13770,13800,13850,13930,13890,13950,14140,14210,14310,14480,14680,14720
1098,12640,12740,12810,12800,12800,12830,12820,12800,12820,12910,12970,12850,12730,12700,12740,12720,12690,12720,12750,12780,12790,12680,12540,12500,12470,12490,12510,12480,12490,12420,12380,12400,12360,12280,12290,12230,12260,12360,12470,12520,12570,12690,12800,12770,12830,12780,12830,12980,13080,13070,13160,13380,13370,13290,13470,13540,13500,13620,14000,13740,13590,13640,13680,13550,13340,13340,13330,13030,12980,12810,12850,12840,12980,13080,13080,13090,13120,13150,13230,13320,13310,13290,13530,13760,14120,13680,13670,13800,13770,13800,13850,13930,13890,13950,14140,14210,14310,14480,14680,14720,14740
1099,12740,12810,12800,12800,12830,12820,12800,12820,12910,12970,12850,12730,12700,12740,12720,12690,12720,12750,12780,12790,12680,12540,12500,12470,12490,12510,12480,12490,12420,12380,12400,12360,12280,12290,12230,12260,12360,12470,12520,12570,12690,12800,12770,12830,12780,12830,12980,13080,13070,13160,13380,13370,13290,13470,13540,13500,13620,14000,13740,13590,13640,13680,13550,13340,13340,13330,13030,12980,12810,12850,12840,12980,13080,13080,13090,13120,13150,13230,13320,13310,13290,13530,13760,14120,13680,13670,13800,13770,13800,13850,13930,13890,13950,14140,14210,14310,14480,14680,14720,14740,14800
1100,12810,12800,12800,12830,12820,12800,12820,12910,12970,12850,12730,12700,12740,12720,12690,12720,12750,12780,12790,12680,12540,12500,12470,12490,12510,12480,12490,12420,12380,12400,12360,12280,12290,12230,12260,12360,12470,12520,12570,12690,12800,12770,12830,12780,12830,12980,13080,13070,13160,13380,13370,13290,13470,13540,13500,13620,14000,13740,13590,13640,13680,13550,13340,13340,13330,13030,12980,12810,12850,12840,12980,13080,13080,13090,13120,13150,13230,13320,13310,13290,13530,13760,14120,13680,13670,13800,13770,13800,13850,13930,13890,13950,14140,14210,14310,14480,14680,14720,14740,14800,14770
1101,12800,12800,12830,12820,12800,12820,12910,12970,12850,12730,12700,12740,12720,12690,12720,12750,12780,12790,12680,12540,12500,12470,12490,12510,12480,12490,12420,12380,12400,12360,12280,12290,12230,12260,12360,12470,12520,12570,12690,12800,12770,12830,12780,12830,12980,13080,13070,13160,13380,13370,13290,13470,13540,13500,13620,14000,13740,13590,13640,13680,13550,13340,13340,13330,13030,12980,12810,12850,12840,12980,13080,13080,13090,13120,13150,13230,13320,13310,13290,13530,13760,14120,13680,13670,13800,13770,13800,13850,13930,13890,13950,14140,14210,14310,14480,14680,14720,14740,14800,14770,15000
1102,12800,12830,12820,12800,12820,12910,12970,12850,12730,12700,12740,12720,12690,12720,12750,12780,12790,12680,12540,12500,12470,12490,12510,12480,12490,12420,12380,12400,12360,12280,12290,12230,12260,12360,12470,12520,12570,12690,12800,12770,12830,12780,12830,12980,13080,13070,13160,13380,13370,13290,13470,13540,13500,13620,14000,13740,13590,13640,13680,13550,13340,13340,13330,13030,12980,12810,12850,12840,12980,13080,13080,13090,13120,13150,13230,13320,13310,13290,13530,13760,14120,13680,13670,13800,13770,13800,13850,13930,13890,13950,14140,14210,14310,14480,14680,14720,14740,14800,14770,15000,15140
1103,12830,12820,12800,12820,12910,12970,12850,12730,12700,12740,12720,12690,12720,12750,12780,12790,12680,12540,12500,12470,12490,12510,12480,12490,12420,12380,12400,12360,12280,12290,12230,12260,12360,12470,12520,12570,12690,12800,12770,12830,12780,12830,12980,13080,13070,13160,13380,13370,13290,13470,13540,13500,13620,14000,13740,13590,13640,13680,13550,13340,13340,13330,13030,12980,12810,12850,12840,12980,13080,13080,13090,13120,13150,13230,13320,13310,13290,13530,13760,14120,13680,13670,13800,13770,13800,13850,13930,13890,13950,14140,14210,14310,14480,14680,14720,14740,14800,14770,15000,15140,15020
1104,12820,12800,12820,12910,12970,12850,12730,12700,12740,12720,12690,12720,12750,12780,12790,12680,12540,12500,12470,12490,12510,12480,12490,12420,12380,12400,12360,12280,12290,12230,12260,12360,12470,12520,12570,12690,12800,12770,12830,12780,12830,12980,13080,13070,13160,13380,13370,13290,13470,13540,13500,13620,14000,13740,13590,13640,13680,13550,13340,13340,13330,13030,12980,12810,12850,12840,12980,13080,13080,13090,13120,13150,13230,13320,13310,13290,13530,13760,14120,13680,13670,13800,13770,13800,13850,13930,13890,13950,14140,14210,14310,14480,14680,14720,14740,14800,14770,15000,15140,15020,15090
1105,12800,12820,12910,12970,12850,12730,12700,12740,12720,12690,12720,12750,12780,12790,12680,12540,12500,12470,12490,12510,12480,12490,12420,12380,12400,12360,12280,12290,12230,12260,12360,12470,12520,12570,12690,12800,12770,12830,12780,12830,12980,13080,13070,13160,13380,13370,13290,13470,13540,13500,13620,14000,13740,13590,13640,13680,13550,13340,13340,13330,13030,12980,12810,12850,12840,12980,13080,13080,13090,13120,13150,13230,13320,13310,13290,13530,13760,14120,13680,13670,13800,13770,13800,13850,13930,13890,13950,14140,14210,14310,14480,14680,14720,14740,14800,14770,15000,15140,15020,15090,15160
1106,12820,12910,12970,12850,12730,12700,12740,12720,12690,12720,12750,12780,12790,12680,12540,12500,12470,12490,12510,12480,12490,12420,12380,12400,12360,12280,12290,12230,12260,12360,12470,12520,12570,12690,12800,12770,12830,12780,12830,12980,13080,13070,13160,13380,13370,13290,13470,13540,13500,13620,14000,13740,13590,13640,13680,13550,13340,13340,13330,13030,12980,12810,12850,12840,12980,13080,13080,13090,13120,13150,13230,13320,13310,13290,13530,13760,14120,13680,13670,13800,13770,13800,13850,13930,13890,13950,14140,14210,14310,14480,14680,14720,14740,14800,14770,15000,15140,15020,15090,15160,15370
1107,12910,12970,12850,12730,12700,12740,12720,12690,12720,12750,12780,12790,12680,12540,12500,12470,12490,12510,12480,12490,12420,12380,12400,12360,12280,12290,12230,12260,12360,12470,12520,12570,12690,12800,12770,12830,12780,12830,12980,13080,13070,13160,13380,13370,13290,13470,13540,13500,13620,14000,13740,13590,13640,13680,13550,13340,13340,13330,13030,12980,12810,12850,12840,12980,13080,13080,13090,13120,13150,13230,13320,13310,13290,13530,13760,14120,13680,13670,13800,13770,13800,13850,13930,13890,13950,14140,14210,14310,14480,14680,14720,14740,14800,14770,15000,15140,15020,15090,15160,15370,15500
1108,12970,12850,12730,12700,12740,12720,12690,12720,12750,12780,12790,12680,12540,12500,12470,12490,12510,12480,12490,12420,12380,12400,12360,12280,12290,12230,12260,12360,12470,12520,12570,12690,12800,12770,12830,12780,12830,12980,13080,13070,13160,13380,13370,13290,13470,13540,13500,13620,14000,13740,13590,13640,13680,13550,13340,13340,13330,13030,12980,12810,12850,12840,12980,13080,13080,13090,13120,13150,13230,13320,13310,13290,13530,13760,14120,13680,13670,13800,13770,13800,13850,13930,13890,13950,14140,14210,14310,14480,14680,14720,14740,14800,14770,15000,15140,15020,15090,15160,15370,15500,15430
1109,12850,12730,12700,12740,12720,12690,12720,12750,12780,12790,12680,12540,12500,12470,12490,12510,12480,12490,12420,12380,12400,12360,12280,12290,12230,12260,12360,12470,12520,12570,12690,12800,12770,12830,12780,12830,12980,13080,13070,13160,13380,13370,13290,13470,13540,13500,13620,14000,13740,13590,13640,13680,13550,13340,13340,13330,13030,12980,12810,12850,12840,12980,13080,13080,13090,13120,13150,13230,13320,13310,13290,13530,13760,14120,13680,13670,13800,13770,13800,13850,13930,13890,13950,14140,14210,14310,14480,14680,14720,14740,14800,14770,15000,15140,15020,15090,15160,15370,15500,15430,15430
1110,12730,12700,12740,12720,12690,12720,12750,12780,12790,12680,12540,12500,12470,12490,12510,12480,12490,12420,12380,12400,12360,12280,12290,12230,12260,12360,12470,12520,12570,12690,12800,12770,12830,12780,12830,12980,13080,13070,13160,13380,13370,13290,13470,13540,13500,13620,14000,13740,13590,13640,13680,13550,13340,13340,13330,13030,12980,12810,12850,12840,12980,13080,13080,13090,13120,13150,13230,13320,13310,13290,13530,13760,14120,13680,13670,13800,13770,13800,13850,13930,13890,13950,14140,14210,14310,14480,14680,14720,14740,14800,14770,15000,15140,15020,15090,15160,15370,15500,15430,15430,15630
1111,12700,12740,12720,12690,12720,12750,12780,12790,12680,12540,12500,12470,12490,12510,12480,12490,12420,12380,12400,12360,12280,12290,12230,12260,12360,12470,12520,12570,12690,12800,12770,12830,12780,12830,12980,13080,13070,13160,13380,13370,13290,13470,13540,13500,13620,14000,13740,13590,13640,13680,13550,13340,13340,13330,13030,12980,12810,12850,12840,12980,13080,13080,13090,13120,13150,13230,13320,13310,13290,13530,13760,14120,13680,13670,13800,13770,13800,13850,13930,13890,13950,14140,14210,14310,14480,14680,14720,14740,14800,14770,15000,15140,15020,15090,15160,15370,15500,15430,15430,15630,15760
1112,12740,12720,12690,12720,12750,12780,12790,12680,12540,12500,12470,12490,12510,12480,12490,12420,12380,12400,12360,12280,12290,12230,12260,12360,12470,12520,12570,12690,12800,12770,12830,12780,12830,12980,13080,13070,13160,13380,13370,13290,13470,13540,13500,13620,14000,13740,13590,13640,13680,13550,13340,13340,13330,13030,12980,12810,12850,12840,12980,13080,13080,13090,13120,13150,13230,13320,13310,13290,13530,13760,14120,13680,13670,13800,13770,13800,13850,13930,13890,13950,14140,14210,14310,14480,14680,14720,14740,14800,14770,15000,15140,15020,15090,15160,15370,15500,15430,15430,15630,15760,16220
1113,12720,12690,12720,12750,12780,12790,12680,12540,12500,12470,12490,12510,12480,12490,12420,12380,12400,12360,12280,12290,12230,12260,12360,12470,12520,12570,12690,12800,12770,12830,12780,12830,12980,13080,13070,13160,13380,13370,13290,13470,13540,13500,13620,14000,13740,13590,13640,13680,13550,13340,13340,13330,13030,12980,12810,12850,12840,12980,13080,13080,13090,13120,13150,13230,13320,13310,13290,13530,13760,14120,13680,13670,13800,13770,13800,13850,13930,13890,13950,14140,14210,14310,14480,14680,14720,14740,14800,14770,15000,15140,15020,15090,15160,15370,15500,15430,15430,15630,15760,16220,16620
1114,12690,12720,12750,12780,12790,12680,12540,12500,12470,12490,12510,12480,12490,12420,12380,12400,12360,12280,12290,12230,12260,12360,12470,12520,12570,12690,12800,12770,12830,12780,12830,12980,13080,13070,13160,13380,13370,13290,13470,13540,13500,13620,14000,13740,13590,13640,13680,13550,13340,13340,13330,13030,12980,12810,12850,12840,12980,13080,13080,13090,13120,13150,13230,13320,13310,13290,13530,13760,14120,13680,13670,13800,13770,13800,13850,13930,13890,13950,14140,14210,14310,14480,14680,14720,14740,14800,14770,15000,15140,15020,15090,15160,15370,15500,15430,15430,15630,15760,16220,16620,16370
1115,12720,12750,12780,12790,12680,12540,12500,12470,12490,12510,12480,12490,12420,12380,12400,12360,12280,12290,12230,12260,12360,12470,12520,12570,12690,12800,12770,12830,12780,12830,12980,13080,13070,13160,13380,13370,13290,13470,13540,13500,13620,14000,13740,13590,13640,13680,13550,13340,13340,13330,13030,12980,12810,12850,12840,12980,13080,13080,13090,13120,13150,13230,13320,13310,13290,13530,13760,14120,13680,13670,13800,13770,13800,13850,13930,13890,13950,14140,14210,14310,14480,14680,14720,14740,14800,14770,15000,15140,15020,15090,15160,15370,15500,15430,15430,15630,15760,16220,16620,16370,16300
1116,12750,12780,12790,12680,12540,12500,12470,12490,12510,12480,12490,12420,12380,12400,12360,12280,12290,12230,12260,12360,12470,12520,12570,12690,12800,12770,12830,12780,12830,12980,13080,13070,13160,13380,13370,13290,13470,13540,13500,13620,14000,13740,13590,13640,13680,13550,13340,13340,13330,13030,12980,12810,12850,12840,12980,13080,13080,13090,13120,13150,13230,13320,13310,13290,13530,13760,14120,13680,13670,13800,13770,13800,13850,13930,13890,13950,14140,14210,14310,14480,14680,14720,14740,14800,14770,15000,15140,15020,15090,15160,15370,15500,15430,15430,15630,15760,16220,16620,16370,16300,16430
1117,12780,12790,12680,12540,12500,12470,12490,12510,12480,12490,12420,12380,12400,12360,12280,12290,12230,12260,12360,12470,12520,12570,12690,12800,12770,12830,12780,12830,12980,13080,13070,13160,13380,13370,13290,13470,13540,13500,13620,14000,13740,13590,13640,13680,13550,13340,13340,13330,13030,12980,12810,12850,12840,12980,13080,13080,13090,13120,13150,13230,13320,13310,13290,13530,13760,14120,13680,13670,13800,13770,13800,13850,13930,13890,13950,14140,14210,14310,14480,14680,14720,14740,14800,14770,15000,15140,15020,15090,15160,15370,15500,15430,15430,15630,15760,16220,16620,16370,16300,16430,16180
1118,12790,12680,12540,12500,12470,12490,12510,12480,12490,12420,12380,12400,12360,12280,12290,12230,12260,12360,12470,12520,12570,12690,12800,12770,12830,12780,12830,12980,13080,13070,13160,13380,13370,13290,13470,13540,13500,13620,14000,13740,13590,13640,13680,13550,13340,13340,13330,13030,12980,12810,12850,12840,12980,13080,13080,13090,13120,13150,13230,13320,13310,13290,13530,13760,14120,13680,13670,13800,13770,13800,13850,13930,13890,13950,14140,14210,14310,14480,14680,14720,14740,14800,14770,15000,15140,15020,15090,15160,15370,15500,15430,15430,15630,15760,16220,16620,16370,16300,16430,16180,16220
1119,12680,12540,12500,12470,12490,12510,12480,12490,12420,12380,12400,12360,12280,12290,12230,12260,12360,12470,12520,12570,12690,12800,12770,12830,12780,12830,12980,13080,13070,13160,13380,13370,13290,13470,13540,13500,13620,14000,13740,13590,13640,13680,13550,13340,13340,13330,13030,12980,12810,12850,12840,12980,13080,13080,13090,13120,13150,13230,13320,13310,13290,13530,13760,14120,13680,13670,13800,13770,13800,13850,13930,13890,13950,14140,14210,14310,14480,14680,14720,14740,14800,14770,15000,15140,15020,15090,15160,15370,15500,15430,15430,15630,15760,16220,16620,16370,16300,16430,16180,16220,16430
1120,12540,12500,12470,12490,12510,12480,12490,12420,12380,12400,12360,12280,12290,12230,12260,12360,12470,12520,12570,12690,12800,12770,12830,12780,12830,12980,13080,13070,13160,13380,13370,13290,13470,13540,13500,13620,14000,13740,13590,13640,13680,13550,13340,13340,13330,13030,12980,12810,12850,12840,12980,13080,13080,13090,13120,13150,13230,13320,13310,13290,13530,13760,14120,13680,13670,13800,13770,13800,13850,13930,13890,13950,14140,14210,14310,14480,14680,14720,14740,14800,14770,15000,15140,15020,15090,15160,15370,15500,15430,15430,15630,15760,16220,16620,16370,16300,16430,16180,16220,16430,16580
1121,12500,12470,12490,12510,12480,12490,12420,12380,12400,12360,12280,12290,12230,12260,12360,12470,12520,12570,12690,12800,12770,12830,12780,12830,12980,13080,13070,13160,13380,13370,13290,13470,13540,13500,13620,14000,13740,13590,13640,13680,13550,13340,13340,13330,13030,12980,12810,12850,12840,12980,13080,13080,13090,13120,13150,13230,13320,13310,13290,13530,13760,14120,13680,13670,13800,13770,13800,13850,13930,13890,13950,14140,14210,14310,14480,14680,14720,14740,14800,14770,15000,15140,15020,15090,15160,15370,15500,15430,15430,15630,15760,16220,16620,16370,16300,16430,16180,16220,16430,16580,16610
1122,12470,12490,12510,12480,12490,12420,12380,12400,12360,12280,12290,12230,12260,12360,12470,12520,12570,12690,12800,12770,12830,12780,12830,12980,13080,13070,13160,13380,13370,13290,13470,13540,13500,13620,14000,13740,13590,13640,13680,13550,13340,13340,13330,13030,12980,12810,12850,12840,12980,13080,13080,13090,13120,13150,13230,13320,13310,13290,13530,13760,14120,13680,13670,13800,13770,13800,13850,13930,13890,13950,14140,14210,14310,14480,14680,14720,14740,14800,14770,15000,15140,15020,15090,15160,15370,15500,15430,15430,15630,15760,16220,16620,16370,16300,16430,16180,16220,16430,16580,16610,16680
1123,12490,12510,12480,12490,12420,12380,12400,12360,12280,12290,12230,12260,12360,12470,12520,12570,12690,12800,12770,12830,12780,12830,12980,13080,13070,13160,13380,13370,13290,13470,13540,13500,13620,14000,13740,13590,13640,13680,13550,13340,13340,13330,13030,12980,12810,12850,12840,12980,13080,13080,13090,13120,13150,13230,13320,13310,13290,13530,13760,14120,13680,13670,13800,13770,13800,13850,13930,13890,13950,14140,14210,14310,14480,14680,14720,14740,14800,14770,15000,15140,15020,15090,15160,15370,15500,15430,15430,15630,15760,16220,16620,16370,16300,16430,16180,16220,16430,16580,16610,16680,16790
1124,12510,12480,12490,12420,12380,12400,12360,12280,12290,12230,12260,12360,12470,12520,12570,12690,12800,12770,12830,12780,12830,12980,13080,13070,13160,13380,13370,13290,13470,13540,13500,13620,14000,13740,13590,13640,13680,13550,13340,13340,13330,13030,12980,12810,12850,12840,12980,13080,13080,13090,13120,13150,13230,13320,13310,13290,13530,13760,14120,13680,13670,13800,13770,13800,13850,13930,13890,13950,14140,14210,14310,14480,14680,14720,14740,14800,14770,15000,15140,15020,15090,15160,15370,15500,15430,15430,15630,15760,16220,16620,16370,16300,16430,16180,16220,16430,16580,16610,16680,16790,16540
1125,12480,12490,12420,12380,12400,12360,12280,12290,12230,12260,12360,12470,12520,12570,12690,12800,12770,12830,12780,12830,12980,13080,13070,13160,13380,13370,13290,13470,13540,13500,13620,14000,13740,13590,13640,13680,13550,13340,13340,13330,13030,12980,12810,12850,12840,12980,13080,13080,13090,13120,13150,13230,13320,13310,13290,13530,13760,14120,13680,13670,13800,13770,13800,13850,13930,13890,13950,14140,14210,14310,14480,14680,14720,14740,14800,14770,15000,15140,15020,15090,15160,15370,15500,15430,15430,15630,15760,16220,16620,16370,16300,16430,16180,16220,16430,16580,16610,16680,16790,16540,16220
1126,12490,12420,12380,12400,12360,12280,12290,12230,12260,12360,12470,12520,12570,12690,12800,12770,12830,12780,12830,12980,13080,13070,13160,13380,13370,13290,13470,13540,13500,13620,14000,13740,13590,13640,13680,13550,13340,13340,13330,13030,12980,12810,12850,12840,12980,13080,13080,13090,13120,13150,13230,13320,13310,13290,13530,13760,14120,13680,13670,13800,13770,13800,13850,13930,13890,13950,14140,14210,14310,14480,14680,14720,14740,14800,14770,15000,15140,15020,15090,15160,15370,15500,15430,15430,15630,15760,16220,16620,16370,16300,16430,16180,16220,16430,16580,16610,16680,16790,16540,16220,16460
1127,12420,12380,12400,12360,12280,12290,12230,12260,12360,12470,12520,12570,12690,12800,12770,12830,12780,12830,12980,13080,13070,13160,13380,13370,13290,13470,13540,13500,13620,14000,13740,13590,13640,13680,13550,13340,13340,13330,13030,12980,12810,12850,12840,12980,13080,13080,13090,13120,13150,13230,13320,13310,13290,13530,13760,14120,13680,13670,13800,13770,13800,13850,13930,13890,13950,14140,14210,14310,14480,14680,14720,14740,14800,14770,15000,15140,15020,15090,15160,15370,15500,15430,15430,15630,15760,16220,16620,16370,16300,16430,16180,16220,16430,16580,16610,16680,16790,16540,16220,16460,16560
1128,12380,12400,12360,12280,12290,12230,12260,12360,12470,12520,12570,12690,12800,12770,12830,12780,12830,12980,13080,13070,13160,13380,13370,13290,13470,13540,13500,13620,14000,13740,13590,13640,13680,13550,13340,13340,13330,13030,12980,12810,12850,12840,12980,13080,13080,13090,13120,13150,13230,13320,13310,13290,13530,13760,14120,13680,13670,13800,13770,13800,13850,13930,13890,13950,14140,14210,14310,14480,14680,14720,14740,14800,14770,15000,15140,15020,15090,15160,15370,15500,15430,15430,15630,15760,16220,16620,16370,16300,16430,16180,16220,16430,16580,16610,16680,16790,16540,16220,16460,16560,16400
1129,12400,12360,12280,12290,12230,12260,12360,12470,12520,12570,12690,12800,12770,12830,12780,12830,12980,13080,13070,13160,13380,13370,13290,13470,13540,13500,13620,14000,13740,13590,13640,13680,13550,13340,13340,13330,13030,12980,12810,12850,12840,12980,13080,13080,13090,13120,13150,13230,13320,13310,13290,13530,13760,14120,13680,13670,13800,13770,13800,13850,13930,13890,13950,14140,14210,14310,14480,14680,14720,14740,14800,14770,15000,15140,15020,15090,15160,15370,15500,15430,15430,15630,15760,16220,16620,16370,16300,16430,16180,16220,16430,16580,16610,16680,16790,16540,16220,16460,16560,16400,16680
1130,12360,12280,12290,12230,12260,12360,12470,12520,12570,12690,12800,12770,12830,12780,12830,12980,13080,13070,13160,13380,13370,13290,13470,13540,13500,13620,14000,13740,13590,13640,13680,13550,13340,13340,13330,13030,12980,12810,12850,12840,12980,13080,13080,13090,13120,13150,13230,13320,13310,13290,13530,13760,14120,13680,13670,13800,13770,13800,13850,13930,13890,13950,14140,14210,14310,14480,14680,14720,14740,14800,14770,15000,15140,15020,15090,15160,15370,15500,15430,15430,15630,15760,16220,16620,16370,16300,16430,16180,16220,16430,16580,16610,16680,16790,16540,16220,16460,16560,16400,16680,16930
1131,12280,12290,12230,12260,12360,12470,12520,12570,12690,12800,12770,12830,12780,12830,12980,13080,13070,13160,13380,13370,13290,13470,13540,13500,13620,14000,13740,13590,13640,13680,13550,13340,13340,13330,13030,12980,12810,12850,12840,12980,13080,13080,13090,13120,13150,13230,13320,13310,13290,13530,13760,14120,13680,13670,13800,13770,13800,13850,13930,13890,13950,14140,14210,14310,14480,14680,14720,14740,14800,14770,15000,15140,15020,15090,15160,15370,15500,15430,15430,15630,15760,16220,16620,16370,16300,16430,16180,16220,16430,16580,16610,16680,16790,16540,16220,16460,16560,16400,16680,16930,17140
1132,12290,12230,12260,12360,12470,12520,12570,12690,12800,12770,12830,12780,12830,12980,13080,13070,13160,13380,13370,13290,13470,13540,13500,13620,14000,13740,13590,13640,13680,13550,13340,13340,13330,13030,12980,12810,12850,12840,12980,13080,13080,13090,13120,13150,13230,13320,13310,13290,13530,13760,14120,13680,13670,13800,13770,13800,13850,13930,13890,13950,14140,14210,14310,14480,14680,14720,14740,14800,14770,15000,15140,15020,15090,15160,15370,15500,15430,15430,15630,15760,16220,16620,16370,16300,16430,16180,16220,16430,16580,16610,16680,16790,16540,16220,16460,16560,16400,16680,16930,17140,17330
1133,12230,12260,12360,12470,12520,12570,12690,12800,12770,12830,12780,12830,12980,13080,13070,13160,13380,13370,13290,13470,13540,13500,13620,14000,13740,13590,13640,13680,13550,13340,13340,13330,13030,12980,12810,12850,12840,12980,13080,13080,13090,13120,13150,13230,13320,13310,13290,13530,13760,14120,13680,13670,13800,13770,13800,13850,13930,13890,13950,14140,14210,14310,14480,14680,14720,14740,14800,14770,15000,15140,15020,15090,15160,15370,15500,15430,15430,15630,15760,16220,16620,16370,16300,16430,16180,16220,16430,16580,16610,16680,16790,16540,16220,16460,16560,16400,16680,16930,17140,17330,17380
1134,12260,12360,12470,12520,12570,12690,12800,12770,12830,12780,12830,12980,13080,13070,13160,13380,13370,13290,13470,13540,13500,13620,14000,13740,13590,13640,13680,13550,13340,13340,13330,13030,12980,12810,12850,12840,12980,13080,13080,13090,13120,13150,13230,13320,13310,13290,13530,13760,14120,13680,13670,13800,13770,13800,13850,13930,13890,13950,14140,14210,14310,14480,14680,14720,14740,14800,14770,15000,15140,15020,15090,15160,15370,15500,15430,15430,15630,15760,16220,16620,16370,16300,16430,16180,16220,16430,16580,16610,16680,16790,16540,16220,16460,16560,16400,16680,16930,17140,17330,17380,17510
1135,12360,12470,12520,12570,12690,12800,12770,12830,12780,12830,12980,13080,13070,13160,13380,13370,13290,13470,13540,13500,13620,14000,13740,13590,13640,13680,13550,13340,13340,13330,13030,12980,12810,12850,12840,12980,13080,13080,13090,13120,13150,13230,13320,13310,13290,13530,13760,14120,13680,13670,13800,13770,13800,13850,13930,13890,13950,14140,14210,14310,14480,14680,14720,14740,14800,14770,15000,15140,15020,15090,15160,15370,15500,15430,15430,15630,15760,16220,16620,16370,16300,16430,16180,16220,16430,16580,16610,16680,16790,16540,16220,16460,16560,16400,16680,16930,17140,17330,17380,17510,17240
1136,12470,12520,12570,12690,12800,12770,12830,12780,12830,12980,13080,13070,13160,13380,13370,13290,13470,13540,13500,13620,14000,13740,13590,13640,13680,13550,13340,13340,13330,13030,12980,12810,12850,12840,12980,13080,13080,13090,13120,13150,13230,13320,13310,13290,13530,13760,14120,13680,13670,13800,13770,13800,13850,13930,13890,13950,14140,14210,14310,14480,14680,14720,14740,14800,14770,15000,15140,15020,15090,15160,15370,15500,15430,15430,15630,15760,16220,16620,16370,16300,16430,16180,16220,16430,16580,16610,16680,16790,16540,16220,16460,16560,16400,16680,16930,17140,17330,17380,17510,17240,17350
1137,12520,12570,12690,12800,12770,12830,12780,12830,12980,13080,13070,13160,13380,13370,13290,13470,13540,13500,13620,14000,13740,13590,13640,13680,13550,13340,13340,13330,13030,12980,12810,12850,12840,12980,13080,13080,13090,13120,13150,13230,13320,13310,13290,13530,13760,14120,13680,13670,13800,13770,13800,13850,13930,13890,13950,14140,14210,14310,14480,14680,14720,14740,14800,14770,15000,15140,15020,15090,15160,15370,15500,15430,15430,15630,15760,16220,16620,16370,16300,16430,16180,16220,16430,16580,16610,16680,16790,16540,16220,16460,16560,16400,16680,16930,17140,17330,17380,17510,17240,17350,17470
1138,12570,12690,12800,12770,12830,12780,12830,12980,13080,13070,13160,13380,13370,13290,13470,13540,13500,13620,14000,13740,13590,13640,13680,13550,13340,13340,13330,13030,12980,12810,12850,12840,12980,13080,13080,13090,13120,13150,13230,13320,13310,13290,13530,13760,14120,13680,13670,13800,13770,13800,13850,13930,13890,13950,14140,14210,14310,14480,14680,14720,14740,14800,14770,15000,15140,15020,15090,15160,15370,15500,15430,15430,15630,15760,16220,16620,16370,16300,16430,16180,16220,16430,16580,16610,16680,16790,16540,16220,16460,16560,16400,16680,16930,17140,17330,17380,17510,17240,17350,17470,17900
1139,12690,12800,12770,12830,12780,12830,12980,13080,13070,13160,13380,13370,13290,13470,13540,13500,13620,14000,13740,13590,13640,13680,13550,13340,13340,13330,13030,12980,12810,12850,12840,12980,13080,13080,13090,13120,13150,13230,13320,13310,13290,13530,13760,14120,13680,13670,13800,13770,13800,13850,13930,13890,13950,14140,14210,14310,14480,14680,14720,14740,14800,14770,15000,15140,15020,15090,15160,15370,15500,15430,15430,15630,15760,16220,16620,16370,16300,16430,16180,16220,16430,16580,16610,16680,16790,16540,16220,16460,16560,16400,16680,16930,17140,17330,17380,17510,17240,17350,17470,17900,17860
1140,12800,12770,12830,12780,12830,12980,13080,13070,13160,13380,13370,13290,13470,13540,13500,13620,14000,13740,13590,13640,13680,13550,13340,13340,13330,13030,12980,12810,12850,12840,12980,13080,13080,13090,13120,13150,13230,13320,13310,13290,13530,13760,14120,13680,13670,13800,13770,13800,13850,13930,13890,13950,14140,14210,14310,14480,14680,14720,14740,14800,14770,15000,15140,15020,15090,15160,15370,15500,15430,15430,15630,15760,16220,16620,16370,16300,16430,16180,16220,16430,16580,16610,16680,16790,16540,16220,16460,16560,16400,16680,16930,17140,17330,17380,17510,17240,17350,17470,17900,17860,18100
1141,12770,12830,12780,12830,12980,13080,13070,13160,13380,13370,13290,13470,13540,13500,13620,14000,13740,13590,13640,13680,13550,13340,13340,13330,13030,12980,12810,12850,12840,12980,13080,13080,13090,13120,13150,13230,13320,13310,13290,13530,13760,14120,13680,13670,13800,13770,13800,13850,13930,13890,13950,14140,14210,14310,14480,14680,14720,14740,14800,14770,15000,15140,15020,15090,15160,15370,15500,15430,15430,15630,15760,16220,16620,16370,16300,16430,16180,16220,16430,16580,16610,16680,16790,16540,16220,16460,16560,16400,16680,16930,17140,17330,17380,17510,17240,17350,17470,17900,17860,18100,18270
1142,12830,12780,12830,12980,13080,13070,13160,13380,13370,13290,13470,13540,13500,13620,14000,13740,13590,13640,13680,13550,13340,13340,13330,13030,12980,12810,12850,12840,12980,13080,13080,13090,13120,13150,13230,13320,13310,13290,13530,13760,14120,13680,13670,13800,13770,13800,13850,13930,13890,13950,14140,14210,14310,14480,14680,14720,14740,14800,14770,15000,15140,15020,15090,15160,15370,15500,15430,15430,15630,15760,16220,16620,16370,16300,16430,16180,16220,16430,16580,16610,16680,16790,16540,16220,16460,16560,16400,16680,16930,17140,17330,17380,17510,17240,17350,17470,17900,17860,18100,18270,18790
1143,12780,12830,12980,13080,13070,13160,13380,13370,13290,13470,13540,13500,13620,14000,13740,13590,13640,13680,13550,13340,13340,13330,13030,12980,12810,12850,12840,12980,13080,13080,13090,13120,13150,13230,13320,13310,13290,13530,13760,14120,13680,13670,13800,13770,13800,13850,13930,13890,13950,14140,14210,14310,14480,14680,14720,14740,14800,14770,15000,15140,15020,15090,15160,15370,15500,15430,15430,15630,15760,16220,16620,16370,16300,16430,16180,16220,16430,16580,16610,16680,16790,16540,16220,16460,16560,16400,16680,16930,17140,17330,17380,17510,17240,17350,17470,17900,17860,18100,18270,18790,19090
1144,12830,12980,13080,13070,13160,13380,13370,13290,13470,13540,13500,13620,14000,13740,13590,13640,13680,13550,13340,13340,13330,13030,12980,12810,12850,12840,12980,13080,13080,13090,13120,13150,13230,13320,13310,13290,13530,13760,14120,13680,13670,13800,13770,13800,13850,13930,13890,13950,14140,14210,14310,14480,14680,14720,14740,14800,14770,15000,15140,15020,15090,15160,15370,15500,15430,15430,15630,15760,16220,16620,16370,16300,16430,16180,16220,16430,16580,16610,16680,16790,16540,16220,16460,16560,16400,16680,16930,17140,17330,17380,17510,17240,17350,17470,17900,17860,18100,18270,18790,19090,19660
1145,12980,13080,13070,13160,13380,13370,13290,13470,13540,13500,13620,14000,13740,13590,13640,13680,13550,13340,13340,13330,13030,12980,12810,12850,12840,12980,13080,13080,13090,13120,13150,13230,13320,13310,13290,13530,13760,14120,13680,13670,13800,13770,13800,13850,13930,13890,13950,14140,14210,14310,14480,14680,14720,14740,14800,14770,15000,15140,15020,15090,15160,15370,15500,15430,15430,15630,15760,16220,16620,16370,16300,16430,16180,16220,16430,16580,16610,16680,16790,16540,16220,16460,16560,16400,16680,16930,17140,17330,17380,17510,17240,17350,17470,17900,17860,18100,18270,18790,19090,19660,20050
1146,13080,13070,13160,13380,13370,13290,13470,13540,13500,13620,14000,13740,13590,13640,13680,13550,13340,13340,13330,13030,12980,12810,12850,12840,12980,13080,13080,13090,13120,13150,13230,13320,13310,13290,13530,13760,14120,13680,13670,13800,13770,13800,13850,13930,13890,13950,14140,14210,14310,14480,14680,14720,14740,14800,14770,15000,15140,15020,15090,15160,15370,15500,15430,15430,15630,15760,16220,16620,16370,16300,16430,16180,16220,16430,16580,16610,16680,16790,16540,16220,16460,16560,16400,16680,16930,17140,17330,17380,17510,17240,17350,17470,17900,17860,18100,18270,18790,19090,19660,20050,20550
1147,13070,13160,13380,13370,13290,13470,13540,13500,13620,14000,13740,13590,13640,13680,13550,13340,13340,13330,13030,12980,12810,12850,12840,12980,13080,13080,13090,13120,13150,13230,13320,13310,13290,13530,13760,14120,13680,13670,13800,13770,13800,13850,13930,13890,13950,14140,14210,14310,14480,14680,14720,14740,14800,14770,15000,15140,15020,15090,15160,15370,15500,15430,15430,15630,15760,16220,16620,16370,16300,16430,16180,16220,16430,16580,16610,16680,16790,16540,16220,16460,16560,16400,16680,16930,17140,17330,17380,17510,17240,17350,17470,17900,17860,18100,18270,18790,19090,19660,20050,20550,19900
1148,13160,13380,13370,13290,13470,13540,13500,13620,14000,13740,13590,13640,13680,13550,13340,13340,13330,13030,12980,12810,12850,12840,12980,13080,13080,13090,13120,13150,13230,13320,13310,13290,13530,13760,14120,13680,13670,13800,13770,13800,13850,13930,13890,13950,14140,14210,14310,14480,14680,14720,14740,14800,14770,15000,15140,15020,15090,15160,15370,15500,15430,15430,15630,15760,16220,16620,16370,16300,16430,16180,16220,16430,16580,16610,16680,16790,16540,16220,16460,16560,16400,16680,16930,17140,17330,17380,17510,17240,17350,17470,17900,17860,18100,18270,18790,19090,19660,20050,20550,19900,19690
1149,13380,13370,13290,13470,13540,13500,13620,14000,13740,13590,13640,13680,13550,13340,13340,13330,13030,12980,12810,12850,12840,12980,13080,13080,13090,13120,13150,13230,13320,13310,13290,13530,13760,14120,13680,13670,13800,13770,13800,13850,13930,13890,13950,14140,14210,14310,14480,14680,14720,14740,14800,14770,15000,15140,15020,15090,15160,15370,15500,15430,15430,15630,15760,16220,16620,16370,16300,16430,16180,16220,16430,16580,16610,16680,16790,16540,16220,16460,16560,16400,16680,16930,17140,17330,17380,17510,17240,17350,17470,17900,17860,18100,18270,18790,19090,19660,20050,20550,19900,19690,18640
1150,13370,13290,13470,13540,13500,13620,14000,13740,13590,13640,13680,13550,13340,13340,13330,13030,12980,12810,12850,12840,12980,13080,13080,13090,13120,13150,13230,13320,13310,13290,13530,13760,14120,13680,13670,13800,13770,13800,13850,13930,13890,13950,14140,14210,14310,14480,14680,14720,14740,14800,14770,15000,15140,15020,15090,15160,15370,15500,15430,15430,15630,15760,16220,16620,16370,16300,16430,16180,16220,16430,16580,16610,16680,16790,16540,16220,16460,16560,16400,16680,16930,17140,17330,17380,17510,17240,17350,17470,17900,17860,18100,18270,18790,19090,19660,20050,20550,19900,19690,18640,17680
1151,13290,13470,13540,13500,13620,14000,13740,13590,13640,13680,13550,13340,13340,13330,13030,12980,12810,12850,12840,12980,13080,13080,13090,13120,13150,13230,13320,13310,13290,13530,13760,14120,13680,13670,13800,13770,13800,13850,13930,13890,13950,14140,14210,14310,14480,14680,14720,14740,14800,14770,15000,15140,15020,15090,15160,15370,15500,15430,15430,15630,15760,16220,16620,16370,16300,16430,16180,16220,16430,16580,16610,16680,16790,16540,16220,16460,16560,16400,16680,16930,17140,17330,17380,17510,17240,17350,17470,17900,17860,18100,18270,18790,19090,19660,20050,20550,19900,19690,18640,17680,17090
1152,13470,13540,13500,13620,14000,13740,13590,13640,13680,13550,13340,13340,13330,13030,12980,12810,12850,12840,12980,13080,13080,13090,13120,13150,13230,13320,13310,13290,13530,13760,14120,13680,13670,13800,13770,13800,13850,13930,13890,13950,14140,14210,14310,14480,14680,14720,14740,14800,14770,15000,15140,15020,15090,15160,15370,15500,15430,15430,15630,15760,16220,16620,16370,16300,16430,16180,16220,16430,16580,16610,16680,16790,16540,16220,16460,16560,16400,16680,16930,17140,17330,17380,17510,17240,17350,17470,17900,17860,18100,18270,18790,19090,19660,20050,20550,19900,19690,18640,17680,17090,17120
1153,13540,13500,13620,14000,13740,13590,13640,13680,13550,13340,13340,13330,13030,12980,12810,12850,12840,12980,13080,13080,13090,13120,13150,13230,13320,13310,13290,13530,13760,14120,13680,13670,13800,13770,13800,13850,13930,13890,13950,14140,14210,14310,14480,14680,14720,14740,14800,14770,15000,15140,15020,15090,15160,15370,15500,15430,15430,15630,15760,16220,16620,16370,16300,16430,16180,16220,16430,16580,16610,16680,16790,16540,16220,16460,16560,16400,16680,16930,17140,17330,17380,17510,17240,17350,17470,17900,17860,18100,18270,18790,19090,19660,20050,20550,19900,19690,18640,17680,17090,17120,16930
1154,13500,13620,14000,13740,13590,13640,13680,13550,13340,13340,13330,13030,12980,12810,12850,12840,12980,13080,13080,13090,13120,13150,13230,13320,13310,13290,13530,13760,14120,13680,13670,13800,13770,13800,13850,13930,13890,13950,14140,14210,14310,14480,14680,14720,14740,14800,14770,15000,15140,15020,15090,15160,15370,15500,15430,15430,15630,15760,16220,16620,16370,16300,16430,16180,16220,16430,16580,16610,16680,16790,16540,16220,16460,16560,16400,16680,16930,17140,17330,17380,17510,17240,17350,17470,17900,17860,18100,18270,18790,19090,19660,20050,20550,19900,19690,18640,17680,17090,17120,16930,16810
1155,13620,14000,13740,13590,13640,13680,13550,13340,13340,13330,13030,12980,12810,12850,12840,12980,13080,13080,13090,13120,13150,13230,13320,13310,13290,13530,13760,14120,13680,13670,13800,13770,13800,13850,13930,13890,13950,14140,14210,14310,14480,14680,14720,14740,14800,14770,15000,15140,15020,15090,15160,15370,15500,15430,15430,15630,15760,16220,16620,16370,16300,16430,16180,16220,16430,16580,16610,16680,16790,16540,16220,16460,16560,16400,16680,16930,17140,17330,17380,17510,17240,17350,17470,17900,17860,18100,18270,18790,19090,19660,20050,20550,19900,19690,18640,17680,17090,17120,16930,16810,16910
1156,14000,13740,13590,13640,13680,13550,13340,13340,13330,13030,12980,12810,12850,12840,12980,13080,13080,13090,13120,13150,13230,13320,13310,13290,13530,13760,14120,13680,13670,13800,13770,13800,13850,13930,13890,13950,14140,14210,14310,14480,14680,14720,14740,14800,14770,15000,15140,15020,15090,15160,15370,15500,15430,15430,15630,15760,16220,16620,16370,16300,16430,16180,16220,16430,16580,16610,16680,16790,16540,16220,16460,16560,16400,16680,16930,17140,17330,17380,17510,17240,17350,17470,17900,17860,18100,18270,18790,19090,19660,20050,20550,19900,19690,18640,17680,17090,17120,16930,16810,16910,17080
1157,13740,13590,13640,13680,13550,13340,13340,13330,13030,12980,12810,12850,12840,12980,13080,13080,13090,13120,13150,13230,13320,13310,13290,13530,13760,14120,13680,13670,13800,13770,13800,13850,13930,13890,13950,14140,14210,14310,14480,14680,14720,14740,14800,14770,15000,15140,15020,15090,15160,15370,15500,15430,15430,15630,15760,16220,16620,16370,16300,16430,16180,16220,16430,16580,16610,16680,16790,16540,16220,16460,16560,16400,16680,16930,17140,17330,17380,17510,17240,17350,17470,17900,17860,18100,18270,18790,19090,19660,20050,20550,19900,19690,18640,17680,17090,17120,16930,16810,16910,17080,17410
1158,13590,13640,13680,13550,13340,13340,13330,13030,12980,12810,12850,12840,12980,13080,13080,13090,13120,13150,13230,13320,13310,13290,13530,13760,14120,13680,13670,13800,13770,13800,13850,13930,13890,13950,14140,14210,14310,14480,14680,14720,14740,14800,14770,15000,15140,15020,15090,15160,15370,15500,15430,15430,15630,15760,16220,16620,16370,16300,16430,16180,16220,16430,16580,16610,16680,16790,16540,16220,16460,16560,16400,16680,16930,17140,17330,17380,17510,17240,17350,17470,17900,17860,18100,18270,18790,19090,19660,20050,20550,19900,19690,18640,17680,17090,17120,16930,16810,16910,17080,17410,17250
1159,13640,13680,13550,13340,13340,13330,13030,12980,12810,12850,12840,12980,13080,13080,13090,13120,13150,13230,13320,13310,13290,13530,13760,14120,13680,13670,13800,13770,13800,13850,13930,13890,13950,14140,14210,14310,14480,14680,14720,14740,14800,14770,15000,15140,15020,15090,15160,15370,15500,15430,15430,15630,15760,16220,16620,16370,16300,16430,16180,16220,16430,16580,16610,16680,16790,16540,16220,16460,16560,16400,16680,16930,17140,17330,17380,17510,17240,17350,17470,17900,17860,18100,18270,18790,19090,19660,20050,20550,19900,19690,18640,17680,17090,17120,16930,16810,16910,17080,17410,17250,17500
1160,13680,13550,13340,13340,13330,13030,12980,12810,12850,12840,12980,13080,13080,13090,13120,13150,13230,13320,13310,13290,13530,13760,14120,13680,13670,13800,13770,13800,13850,13930,13890,13950,14140,14210,14310,14480,14680,14720,14740,14800,14770,15000,15140,15020,15090,15160,15370,15500,15430,15430,15630,15760,16220,16620,16370,16300,16430,16180,16220,16430,16580,16610,16680,16790,16540,16220,16460,16560,16400,16680,16930,17140,17330,17380,17510,17240,17350,17470,17900,17860,18100,18270,18790,19090,19660,20050,20550,19900,19690,18640,17680,17090,17120,16930,16810,16910,17080,17410,17250,17500,17410
1161,13550,13340,13340,13330,13030,12980,12810,12850,12840,12980,13080,13080,13090,13120,13150,13230,13320,13310,13290,13530,13760,14120,13680,13670,13800,13770,13800,13850,13930,13890,13950,14140,14210,14310,14480,14680,14720,14740,14800,14770,15000,15140,15020,15090,15160,15370,15500,15430,15430,15630,15760,16220,16620,16370,16300,16430,16180,16220,16430,16580,16610,16680,16790,16540,16220,16460,16560,16400,16680,16930,17140,17330,17380,17510,17240,17350,17470,17900,17860,18100,18270,18790,19090,19660,20050,20550,19900,19690,18640,17680,17090,17120,16930,16810,16910,17080,17410,17250,17500,17410,17520
1162,13340,13340,13330,13030,12980,12810,12850,12840,12980,13080,13080,13090,13120,13150,13230,13320,13310,13290,13530,13760,14120,13680,13670,13800,13770,13800,13850,13930,13890,13950,14140,14210,14310,14480,14680,14720,14740,14800,14770,15000,15140,15020,15090,15160,15370,15500,15430,15430,15630,15760,16220,16620,16370,16300,16430,16180,16220,16430,16580,16610,16680,16790,16540,16220,16460,16560,16400,16680,16930,17140,17330,17380,17510,17240,17350,17470,17900,17860,18100,18270,18790,19090,19660,20050,20550,19900,19690,18640,17680,17090,17120,16930,16810,16910,17080,17410,17250,17500,17410,17520,17740
1163,13340,13330,13030,12980,12810,12850,12840,12980,13080,13080,13090,13120,13150,13230,13320,13310,13290,13530,13760,14120,13680,13670,13800,13770,13800,13850,13930,13890,13950,14140,14210,14310,14480,14680,14720,14740,14800,14770,15000,15140,15020,15090,15160,15370,15500,15430,15430,15630,15760,16220,16620,16370,16300,16430,16180,16220,16430,16580,16610,16680,16790,16540,16220,16460,16560,16400,16680,16930,17140,17330,17380,17510,17240,17350,17470,17900,17860,18100,18270,18790,19090,19660,20050,20550,19900,19690,18640,17680,17090,17120,16930,16810,16910,17080,17410,17250,17500,17410,17520,17740,17810
1164,13330,13030,12980,12810,12850,12840,12980,13080,13080,13090,13120,13150,13230,13320,13310,13290,13530,13760,14120,13680,13670,13800,13770,13800,13850,13930,13890,13950,14140,14210,14310,14480,14680,14720,14740,14800,14770,15000,15140,15020,15090,15160,15370,15500,15430,15430,15630,15760,16220,16620,16370,16300,16430,16180,16220,16430,16580,16610,16680,16790,16540,16220,16460,16560,16400,16680,16930,17140,17330,17380,17510,17240,17350,17470,17900,17860,18100,18270,18790,19090,19660,20050,20550,19900,19690,18640,17680,17090,17120,16930,16810,16910,17080,17410,17250,17500,17410,17520,17740,17810,18190
1165,13030,12980,12810,12850,12840,12980,13080,13080,13090,13120,13150,13230,13320,13310,13290,13530,13760,14120,13680,13670,13800,13770,13800,13850,13930,13890,13950,14140,14210,14310,14480,14680,14720,14740,14800,14770,15000,15140,15020,15090,15160,15370,15500,15430,15430,15630,15760,16220,16620,16370,16300,16430,16180,16220,16430,16580,16610,16680,16790,16540,16220,16460,16560,16400,16680,16930,17140,17330,17380,17510,17240,17350,17470,17900,17860,18100,18270,18790,19090,19660,20050,20550,19900,19690,18640,17680,17090,17120,16930,16810,16910,17080,17410,17250,17500,17410,17520,17740,17810,18190,18100
1166,12980,12810,12850,12840,12980,13080,13080,13090,13120,13150,13230,13320,13310,13290,13530,13760,14120,13680,13670,13800,13770,13800,13850,13930,13890,13950,14140,14210,14310,14480,14680,14720,14740,14800,14770,15000,15140,15020,15090,15160,15370,15500,15430,15430,15630,15760,16220,16620,16370,16300,16430,16180,16220,16430,16580,16610,16680,16790,16540,16220,16460,16560,16400,16680,16930,17140,17330,17380,17510,17240,17350,17470,17900,17860,18100,18270,18790,19090,19660,20050,20550,19900,19690,18640,17680,17090,17120,16930,16810,16910,17080,17410,17250,17500,17410,17520,17740,17810,18190,18100,18330
1167,12810,12850,12840,12980,13080,13080,13090,13120,13150,13230,13320,13310,13290,13530,13760,14120,13680,13670,13800,13770,13800,13850,13930,13890,13950,14140,14210,14310,14480,14680,14720,14740,14800,14770,15000,15140,15020,15090,15160,15370,15500,15430,15430,15630,15760,16220,16620,16370,16300,16430,16180,16220,16430,16580,16610,16680,16790,16540,16220,16460,16560,16400,16680,16930,17140,17330,17380,17510,17240,17350,17470,17900,17860,18100,18270,18790,19090,19660,20050,20550,19900,19690,18640,17680,17090,17120,16930,16810,16910,17080,17410,17250,17500,17410,17520,17740,17810,18190,18100,18330,18440
1168,12850,12840,12980,13080,13080,13090,13120,13150,13230,13320,13310,13290,13530,13760,14120,13680,13670,13800,13770,13800,13850,13930,13890,13950,14140,14210,14310,14480,14680,14720,14740,14800,14770,15000,15140,15020,15090,15160,15370,15500,15430,15430,15630,15760,16220,16620,16370,16300,16430,16180,16220,16430,16580,16610,16680,16790,16540,16220,16460,16560,16400,16680,16930,17140,17330,17380,17510,17240,17350,17470,17900,17860,18100,18270,18790,19090,19660,20050,20550,19900,19690,18640,17680,17090,17120,16930,16810,16910,17080,17410,17250,17500,17410,17520,17740,17810,18190,18100,18330,18440,18480
1169,12840,12980,13080,13080,13090,13120,13150,13230,13320,13310,13290,13530,13760,14120,13680,13670,13800,13770,13800,13850,13930,13890,13950,14140,14210,14310,14480,14680,14720,14740,14800,14770,15000,15140,15020,15090,15160,15370,15500,15430,15430,15630,15760,16220,16620,16370,16300,16430,16180,16220,16430,16580,16610,16680,16790,16540,16220,16460,16560,16400,16680,16930,17140,17330,17380,17510,17240,17350,17470,17900,17860,18100,18270,18790,19090,19660,20050,20550,19900,19690,18640,17680,17090,17120,16930,16810,16910,17080,17410,17250,17500,17410,17520,17740,17810,18190,18100,18330,18440,18480,18350
1170,12980,13080,13080,13090,13120,13150,13230,13320,13310,13290,13530,13760,14120,13680,13670,13800,13770,13800,13850,13930,13890,13950,14140,14210,14310,14480,14680,14720,14740,14800,14770,15000,15140,15020,15090,15160,15370,15500,15430,15430,15630,15760,16220,16620,16370,16300,16430,16180,16220,16430,16580,16610,16680,16790,16540,16220,16460,16560,16400,16680,16930,17140,17330,17380,17510,17240,17350,17470,17900,17860,18100,18270,18790,19090,19660,20050,20550,19900,19690,18640,17680,17090,17120,16930,16810,16910,17080,17410,17250,17500,17410,17520,17740,17810,18190,18100,18330,18440,18480,18350,18410
1171,13080,13080,13090,13120,13150,13230,13320,13310,13290,13530,13760,14120,13680,13670,13800,13770,13800,13850,13930,13890,13950,14140,14210,14310,14480,14680,14720,14740,14800,14770,15000,15140,15020,15090,15160,15370,15500,15430,15430,15630,15760,16220,16620,16370,16300,16430,16180,16220,16430,16580,16610,16680,16790,16540,16220,16460,16560,16400,16680,16930,17140,17330,17380,17510,17240,17350,17470,17900,17860,18100,18270,18790,19090,19660,20050,20550,19900,19690,18640,17680,17090,17120,16930,16810,16910,17080,17410,17250,17500,17410,17520,17740,17810,18190,18100,18330,18440,18480,18350,18410,18490
1172,13080,13090,13120,13150,13230,13320,13310,13290,13530,13760,14120,13680,13670,13800,13770,13800,13850,13930,13890,13950,14140,14210,14310,14480,14680,14720,14740,14800,14770,15000,15140,15020,15090,15160,15370,15500,15430,15430,15630,15760,16220,16620,16370,16300,16430,16180,16220,16430,16580,16610,16680,16790,16540,16220,16460,16560,16400,16680,16930,17140,17330,17380,17510,17240,17350,17470,17900,17860,18100,18270,18790,19090,19660,20050,20550,19900,19690,18640,17680,17090,17120,16930,16810,16910,17080,17410,17250,17500,17410,17520,17740,17810,18190,18100,18330,18440,18480,18350,18410,18490,18490
1173,13090,13120,13150,13230,13320,13310,13290,13530,13760,14120,13680,13670,13800,13770,13800,13850,13930,13890,13950,14140,14210,14310,14480,14680,14720,14740,14800,14770,15000,15140,15020,15090,15160,15370,15500,15430,15430,15630,15760,16220,16620,16370,16300,16430,16180,16220,16430,16580,16610,16680,16790,16540,16220,16460,16560,16400,16680,16930,17140,17330,17380,17510,17240,17350,17470,17900,17860,18100,18270,18790,19090,19660,20050,20550,19900,19690,18640,17680,17090,17120,16930,16810,16910,17080,17410,17250,17500,17410,17520,17740,17810,18190,18100,18330,18440,18480,18350,18410,18490,18490,18660
1174,13120,13150,13230,13320,13310,13290,13530,13760,14120,13680,13670,13800,13770,13800,13850,13930,13890,13950,14140,14210,14310,14480,14680,14720,14740,14800,14770,15000,15140,15020,15090,15160,15370,15500,15430,15430,15630,15760,16220,16620,16370,16300,16430,16180,16220,16430,16580,16610,16680,16790,16540,16220,16460,16560,16400,16680,16930,17140,17330,17380,17510,17240,17350,17470,17900,17860,18100,18270,18790,19090,19660,20050,20550,19900,19690,18640,17680,17090,17120,16930,16810,16910,17080,17410,17250,17500,17410,17520,17740,17810,18190,18100,18330,18440,18480,18350,18410,18490,18490,18660,18770
1175,13150,13230,13320,13310,13290,13530,13760,14120,13680,13670,13800,13770,13800,13850,13930,13890,13950,14140,14210,14310,14480,14680,14720,14740,14800,14770,15000,15140,15020,15090,15160,15370,15500,15430,15430,15630,15760,16220,16620,16370,16300,16430,16180,16220,16430,16580,16610,16680,16790,16540,16220,16460,16560,16400,16680,16930,17140,17330,17380,17510,17240,17350,17470,17900,17860,18100,18270,18790,19090,19660,20050,20550,19900,19690,18640,17680,17090,17120,16930,16810,16910,17080,17410,17250,17500,17410,17520,17740,17810,18190,18100,18330,18440,18480,18350,18410,18490,18490,18660,18770,18970
1176,13230,13320,13310,13290,13530,13760,14120,13680,13670,13800,13770,13800,13850,13930,13890,13950,14140,14210,14310,14480,14680,14720,14740,14800,14770,15000,15140,15020,15090,15160,15370,15500,15430,15430,15630,15760,16220,16620,16370,16300,16430,16180,16220,16430,16580,16610,16680,16790,16540,16220,16460,16560,16400,16680,16930,17140,17330,17380,17510,17240,17350,17470,17900,17860,18100,18270,18790,19090,19660,20050,20550,19900,19690,18640,17680,17090,17120,16930,16810,16910,17080,17410,17250,17500,17410,17520,17740,17810,18190,18100,18330,18440,18480,18350,18410,18490,18490,18660,18770,18970,19270
1177,13320,13310,13290,13530,13760,14120,13680,13670,13800,13770,13800,13850,13930,13890,13950,14140,14210,14310,14480,14680,14720,14740,14800,14770,15000,15140,15020,15090,15160,15370,15500,15430,15430,15630,15760,16220,16620,16370,16300,16430,16180,16220,16430,16580,16610,16680,16790,16540,16220,16460,16560,16400,16680,16930,17140,17330,17380,17510,17240,17350,17470,17900,17860,18100,18270,18790,19090,19660,20050,20550,19900,19690,18640,17680,17090,17120,16930,16810,16910,17080,17410,17250,17500,17410,17520,17740,17810,18190,18100,18330,18440,18480,18350,18410,18490,18490,18660,18770,18970,19270,19580
1178,13310,13290,13530,13760,14120,13680,13670,13800,13770,13800,13850,13930,13890,13950,14140,14210,14310,14480,14680,14720,14740,14800,14770,15000,15140,15020,15090,15160,15370,15500,15430,15430,15630,15760,16220,16620,16370,16300,16430,16180,16220,16430,16580,16610,16680,16790,16540,16220,16460,16560,16400,16680,16930,17140,17330,17380,17510,17240,17350,17470,17900,17860,18100,18270,18790,19090,19660,20050,20550,19900,19690,18640,17680,17090,17120,16930,16810,16910,17080,17410,17250,17500,17410,17520,17740,17810,18190,18100,18330,18440,18480,18350,18410,18490,18490,18660,18770,18970,19270,19580,19920
1179,13290,13530,13760,14120,13680,13670,13800,13770,13800,13850,13930,13890,13950,14140,14210,14310,14480,14680,14720,14740,14800,14770,15000,15140,15020,15090,15160,15370,15500,15430,15430,15630,15760,16220,16620,16370,16300,16430,16180,16220,16430,16580,16610,16680,16790,16540,16220,16460,16560,16400,16680,16930,17140,17330,17380,17510,17240,17350,17470,17900,17860,18100,18270,18790,19090,19660,20050,20550,19900,19690,18640,17680,17090,17120,16930,16810,16910,17080,17410,17250,17500,17410,17520,17740,17810,18190,18100,18330,18440,18480,18350,18410,18490,18490,18660,18770,18970,19270,19580,19920,20310
1180,13530,13760,14120,13680,13670,13800,13770,13800,13850,13930,13890,13950,14140,14210,14310,14480,14680,14720,14740,14800,14770,15000,15140,15020,15090,15160,15370,15500,15430,15430,15630,15760,16220,16620,16370,16300,16430,16180,16220,16430,16580,16610,16680,16790,16540,16220,16460,16560,16400,16680,16930,17140,17330,17380,17510,17240,17350,17470,17900,17860,18100,18270,18790,19090,19660,20050,20550,19900,19690,18640,17680,17090,17120,16930,16810,16910,17080,17410,17250,17500,17410,17520,17740,17810,18190,18100,18330,18440,18480,18350,18410,18490,18490,18660,18770,18970,19270,19580,19920,20310,20410
1181,13760,14120,13680,13670,13800,13770,13800,13850,13930,13890,13950,14140,14210,14310,14480,14680,14720,14740,14800,14770,15000,15140,15020,15090,15160,15370,15500,15430,15430,15630,15760,16220,16620,16370,16300,16430,16180,16220,16430,16580,16610,16680,16790,16540,16220,16460,16560,16400,16680,16930,17140,17330,17380,17510,17240,17350,17470,17900,17860,18100,18270,18790,19090,19660,20050,20550,19900,19690,18640,17680,17090,17120,16930,16810,16910,17080,17410,17250,17500,17410,17520,17740,17810,18190,18100,18330,18440,18480,18350,18410,18490,18490,18660,18770,18970,19270,19580,19920,20310,20410,20390
1182,14120,13680,13670,13800,13770,13800,13850,13930,13890,13950,14140,14210,14310,14480,14680,14720,14740,14800,14770,15000,15140,15020,15090,15160,15370,15500,15430,15430,15630,15760,16220,16620,16370,16300,16430,16180,16220,16430,16580,16610,16680,16790,16540,16220,16460,16560,16400,16680,16930,17140,17330,17380,17510,17240,17350,17470,17900,17860,18100,18270,18790,19090,19660,20050,20550,19900,19690,18640,17680,17090,17120,16930,16810,16910,17080,17410,17250,17500,17410,17520,17740,17810,18190,18100,18330,18440,18480,18350,18410,18490,18490,18660,18770,18970,19270,19580,19920,20310,20410,20390,20460
1183,13680,13670,13800,13770,13800,13850,13930,13890,13950,14140,14210,14310,14480,14680,14720,14740,14800,14770,15000,15140,15020,15090,15160,15370,15500,15430,15430,15630,15760,16220,16620,16370,16300,16430,16180,16220,16430,16580,16610,16680,16790,16540,16220,16460,16560,16400,16680,16930,17140,17330,17380,17510,17240,17350,17470,17900,17860,18100,18270,18790,19090,19660,20050,20550,19900,19690,18640,17680,17090,17120,16930,16810,16910,17080,17410,17250,17500,17410,17520,17740,17810,18190,18100,18330,18440,18480,18350,18410,18490,18490,18660,18770,18970,19270,19580,19920,20310,20410,20390,20460,20320
1184,13670,13800,13770,13800,13850,13930,13890,13950,14140,14210,14310,14480,14680,14720,14740,14800,14770,15000,15140,15020,15090,15160,15370,15500,15430,15430,15630,15760,16220,16620,16370,16300,16430,16180,16220,16430,16580,16610,16680,16790,16540,16220,16460,16560,16400,16680,16930,17140,17330,17380,17510,17240,17350,17470,17900,17860,18100,18270,18790,19090,19660,20050,20550,19900,19690,18640,17680,17090,17120,16930,16810,16910,17080,17410,17250,17500,17410,17520,17740,17810,18190,18100,18330,18440,18480,18350,18410,18490,18490,18660,18770,18970,19270,19580,19920,20310,20410,20390,20460,20320,20370
1185,13800,13770,13800,13850,13930,13890,13950,14140,14210,14310,14480,14680,14720,14740,14800,14770,15000,15140,15020,15090,15160,15370,15500,15430,15430,15630,15760,16220,16620,16370,16300,16430,16180,16220,16430,16580,16610,16680,16790,16540,16220,16460,16560,16400,16680,16930,17140,17330,17380,17510,17240,17350,17470,17900,17860,18100,18270,18790,19090,19660,20050,20550,19900,19690,18640,17680,17090,17120,16930,16810,16910,17080,17410,17250,17500,17410,17520,17740,17810,18190,18100,18330,18440,18480,18350,18410,18490,18490,18660,18770,18970,19270,19580,19920,20310,20410,20390,20460,20320,20370,20110
1186,13770,13800,13850,13930,13890,13950,14140,14210,14310,14480,14680,14720,14740,14800,14770,15000,15140,15020,15090,15160,15370,15500,15430,15430,15630,15760,16220,16620,16370,16300,16430,16180,16220,16430,16580,16610,16680,16790,16540,16220,16460,16560,16400,16680,16930,17140,17330,17380,17510,17240,17350,17470,17900,17860,18100,18270,18790,19090,19660,20050,20550,19900,19690,18640,17680,17090,17120,16930,16810,16910,17080,17410,17250,17500,17410,17520,17740,17810,18190,18100,18330,18440,18480,18350,18410,18490,18490,18660,18770,18970,19270,19580,19920,20310,20410,20390,20460,20320,20370,20110,20140
1187,13800,13850,13930,13890,13950,14140,14210,14310,14480,14680,14720,14740,14800,14770,15000,15140,15020,15090,15160,15370,15500,15430,15430,15630,15760,16220,16620,16370,16300,16430,16180,16220,16430,16580,16610,16680,16790,16540,16220,16460,16560,16400,16680,16930,17140,17330,17380,17510,17240,17350,17470,17900,17860,18100,18270,18790,19090,19660,20050,20550,19900,19690,18640,17680,17090,17120,16930,16810,16910,17080,17410,17250,17500,17410,17520,17740,17810,18190,18100,18330,18440,18480,18350,18410,18490,18490,18660,18770,18970,19270,19580,19920,20310,20410,20390,20460,20320,20370,20110,20140,19980
1188,13850,13930,13890,13950,14140,14210,14310,14480,14680,14720,14740,14800,14770,15000,15140,15020,15090,15160,15370,15500,15430,15430,15630,15760,16220,16620,16370,16300,16430,16180,16220,16430,16580,16610,16680,16790,16540,16220,16460,16560,16400,16680,16930,17140,17330,17380,17510,17240,17350,17470,17900,17860,18100,18270,18790,19090,19660,20050,20550,19900,19690,18640,17680,17090,17120,16930,16810,16910,17080,17410,17250,17500,17410,17520,17740,17810,18190,18100,18330,18440,18480,18350,18410,18490,18490,18660,18770,18970,19270,19580,19920,20310,20410,20390,20460,20320,20370,20110,20140,19980,20070
1189,13930,13890,13950,14140,14210,14310,14480,14680,14720,14740,14800,14770,15000,15140,15020,15090,15160,15370,15500,15430,15430,15630,15760,16220,16620,16370,16300,16430,16180,16220,16430,16580,16610,16680,16790,16540,16220,16460,16560,16400,16680,16930,17140,17330,17380,17510,17240,17350,17470,17900,17860,18100,18270,18790,19090,19660,20050,20550,19900,19690,18640,17680,17090,17120,16930,16810,16910,17080,17410,17250,17500,17410,17520,17740,17810,18190,18100,18330,18440,18480,18350,18410,18490,18490,18660,18770,18970,19270,19580,19920,20310,20410,20390,20460,20320,20370,20110,20140,19980,20070,20160
1190,13890,13950,14140,14210,14310,14480,14680,14720,14740,14800,14770,15000,15140,15020,15090,15160,15370,15500,15430,15430,15630,15760,16220,16620,16370,16300,16430,16180,16220,16430,16580,16610,16680,16790,16540,16220,16460,16560,16400,16680,16930,17140,17330,17380,17510,17240,17350,17470,17900,17860,18100,18270,18790,19090,19660,20050,20550,19900,19690,18640,17680,17090,17120,16930,16810,16910,17080,17410,17250,17500,17410,17520,17740,17810,18190,18100,18330,18440,18480,18350,18410,18490,18490,18660,18770,18970,19270,19580,19920,20310,20410,20390,20460,20320,20370,20110,20140,19980,20070,20160,20420
1191,13950,14140,14210,14310,14480,14680,14720,14740,14800,14770,15000,15140,15020,15090,15160,15370,15500,15430,15430,15630,15760,16220,16620,16370,16300,16430,16180,16220,16430,16580,16610,16680,16790,16540,16220,16460,16560,16400,16680,16930,17140,17330,17380,17510,17240,17350,17470,17900,17860,18100,18270,18790,19090,19660,20050,20550,19900,19690,18640,17680,17090,17120,16930,16810,16910,17080,17410,17250,17500,17410,17520,17740,17810,18190,18100,18330,18440,18480,18350,18410,18490,18490,18660,18770,18970,19270,19580,19920,20310,20410,20390,20460,20320,20370,20110,20140,19980,20070,20160,20420,20370
1192,14140,14210,14310,14480,14680,14720,14740,14800,14770,15000,15140,15020,15090,15160,15370,15500,15430,15430,15630,15760,16220,16620,16370,16300,16430,16180,16220,16430,16580,16610,16680,16790,16540,16220,16460,16560,16400,16680,16930,17140,17330,17380,17510,17240,17350,17470,17900,17860,18100,18270,18790,19090,19660,20050,20550,19900,19690,18640,17680,17090,17120,16930,16810,16910,17080,17410,17250,17500,17410,17520,17740,17810,18190,18100,18330,18440,18480,18350,18410,18490,18490,18660,18770,18970,19270,19580,19920,20310,20410,20390,20460,20320,20370,20110,20140,19980,20070,20160,20420,20370,20190
1193,14210,14310,14480,14680,14720,14740,14800,14770,15000,15140,15020,15090,15160,15370,15500,15430,15430,15630,15760,16220,16620,16370,16300,16430,16180,16220,16430,16580,16610,16680,16790,16540,16220,16460,16560,16400,16680,16930,17140,17330,17380,17510,17240,17350,17470,17900,17860,18100,18270,18790,19090,19660,20050,20550,19900,19690,18640,17680,17090,17120,16930,16810,16910,17080,17410,17250,17500,17410,17520,17740,17810,18190,18100,18330,18440,18480,18350,18410,18490,18490,18660,18770,18970,19270,19580,19920,20310,20410,20390,20460,20320,20370,20110,20140,19980,20070,20160,20420,20370,20190,19980
1194,14310,14480,14680,14720,14740,14800,14770,15000,15140,15020,15090,15160,15370,15500,15430,15430,15630,15760,16220,16620,16370,16300,16430,16180,16220,16430,16580,16610,16680,16790,16540,16220,16460,16560,16400,16680,16930,17140,17330,17380,17510,17240,17350,17470,17900,17860,18100,18270,18790,19090,19660,20050,20550,19900,19690,18640,17680,17090,17120,16930,16810,16910,17080,17410,17250,17500,17410,17520,17740,17810,18190,18100,18330,18440,18480,18350,18410,18490,18490,18660,18770,18970,19270,19580,19920,20310,20410,20390,20460,20320,20370,20110,20140,19980,20070,20160,20420,20370,20190,19980,20010
1195,14480,14680,14720,14740,14800,14770,15000,15140,15020,15090,15160,15370,15500,15430,15430,15630,15760,16220,16620,16370,16300,16430,16180,16220,16430,16580,16610,16680,16790,16540,16220,16460,16560,16400,16680,16930,17140,17330,17380,17510,17240,17350,17470,17900,17860,18100,18270,18790,19090,19660,20050,20550,19900,19690,18640,17680,17090,17120,16930,16810,16910,17080,17410,17250,17500,17410,17520,17740,17810,18190,18100,18330,18440,18480,18350,18410,18490,18490,18660,18770,18970,19270,19580,19920,20310,20410,20390,20460,20320,20370,20110,20140,19980,20070,20160,20420,20370,20190,19980,20010,20270
1196,14680,14720,14740,14800,14770,15000,15140,15020,15090,15160,15370,15500,15430,15430,15630,15760,16220,16620,16370,16300,16430,16180,16220,16430,16580,16610,16680,16790,16540,16220,16460,16560,16400,16680,16930,17140,17330,17380,17510,17240,17350,17470,17900,17860,18100,18270,18790,19090,19660,20050,20550,19900,19690,18640,17680,17090,17120,16930,16810,16910,17080,17410,17250,17500,17410,17520,17740,17810,18190,18100,18330,18440,18480,18350,18410,18490,18490,18660,18770,18970,19270,19580,19920,20310,20410,20390,20460,20320,20370,20110,20140,19980,20070,20160,20420,20370,20190,19980,20010,20270,20440
1197,14720,14740,14800,14770,15000,15140,15020,15090,15160,15370,15500,15430,15430,15630,15760,16220,16620,16370,16300,16430,16180,16220,16430,16580,16610,16680,16790,16540,16220,16460,16560,16400,16680,16930,17140,17330,17380,17510,17240,17350,17470,17900,17860,18100,18270,18790,19090,19660,20050,20550,19900,19690,18640,17680,17090,17120,16930,16810,16910,17080,17410,17250,17500,17410,17520,17740,17810,18190,18100,18330,18440,18480,18350,18410,18490,18490,18660,18770,18970,19270,19580,19920,20310,20410,20390,20460,20320,20370,20110,20140,19980,20070,20160,20420,20370,20190,19980,20010,20270,20440,20350
1198,14740,14800,14770,15000,15140,15020,15090,15160,15370,15500,15430,15430,15630,15760,16220,16620,16370,16300,16430,16180,16220,16430,16580,16610,16680,16790,16540,16220,16460,16560,16400,16680,16930,17140,17330,17380,17510,17240,17350,17470,17900,17860,18100,18270,18790,19090,19660,20050,20550,19900,19690,18640,17680,17090,17120,16930,16810,16910,17080,17410,17250,17500,17410,17520,17740,17810,18190,18100,18330,18440,18480,18350,18410,18490,18490,18660,18770,18970,19270,19580,19920,20310,20410,20390,20460,20320,20370,20110,20140,19980,20070,20160,20420,20370,20190,19980,20010,20270,20440,20350,20180
1199,14800,14770,15000,15140,15020,15090,15160,15370,15500,15430,15430,15630,15760,16220,16620,16370,16300,16430,16180,16220,16430,16580,16610,16680,16790,16540,16220,16460,16560,16400,16680,16930,17140,17330,17380,17510,17240,17350,17470,17900,17860,18100,18270,18790,19090,19660,20050,20550,19900,19690,18640,17680,17090,17120,16930,16810,16910,17080,17410,17250,17500,17410,17520,17740,17810,18190,18100,18330,18440,18480,18350,18410,18490,18490,18660,18770,18970,19270,19580,19920,20310,20410,20390,20460,20320,20370,20110,20140,19980,20070,20160,20420,20370,20190,19980,20010,20270,20440,20350,20180,20150
1200,14770,15000,15140,15020,15090,15160,15370,15500,15430,15430,15630,15760,16220,16620,16370,16300,16430,16180,16220,16430,16580,16610,16680,16790,16540,16220,16460,16560,16400,16680,16930,17140,17330,17380,17510,17240,17350,17470,17900,17860,18100,18270,18790,19090,19660,20050,20550,19900,19690,18640,17680,17090,17120,16930,16810,16910,17080,17410,17250,17500,17410,17520,17740,17810,18190,18100,18330,18440,18480,18350,18410,18490,18490,18660,18770,18970,19270,19580,19920,20310,20410,20390,20460,20320,20370,20110,20140,19980,20070,20160,20420,20370,20190,19980,20010,20270,20440,20350,20180,20150,20250
1201,15000,15140,15020,15090,15160,15370,15500,15430,15430,15630,15760,16220,16620,16370,16300,16430,16180,16220,16430,16580,16610,16680,16790,16540,16220,16460,16560,16400,16680,16930,17140,17330,17380,17510,17240,17350,17470,17900,17860,18100,18270,18790,19090,19660,20050,20550,19900,19690,18640,17680,17090,17120,16930,16810,16910,17080,17410,17250,17500,17410,17520,17740,17810,18190,18100,18330,18440,18480,18350,18410,18490,18490,18660,18770,18970,19270,19580,19920,20310,20410,20390,20460,20320,20370,20110,20140,19980,20070,20160,20420,20370,20190,19980,20010,20270,20440,20350,20180,20150,20250,20430
1202,15140,15020,15090,15160,15370,15500,15430,15430,15630,15760,16220,16620,16370,16300,16430,16180,16220,16430,16580,16610,16680,16790,16540,16220,16460,16560,16400,16680,16930,17140,17330,17380,17510,17240,17350,17470,17900,17860,18100,18270,18790,19090,19660,20050,20550,19900,19690,18640,17680,17090,17120,16930,16810,16910,17080,17410,17250,17500,17410,17520,17740,17810,18190,18100,18330,18440,18480,18350,18410,18490,18490,18660,18770,18970,19270,19580,19920,20310,20410,20390,20460,20320,20370,20110,20140,19980,20070,20160,20420,20370,20190,19980,20010,20270,20440,20350,20180,20150,20250,20430,20400
1203,15020,15090,15160,15370,15500,15430,15430,15630,15760,16220,16620,16370,16300,16430,16180,16220,16430,16580,16610,16680,16790,16540,16220,16460,16560,16400,16680,16930,17140,17330,17380,17510,17240,17350,17470,17900,17860,18100,18270,18790,19090,19660,20050,20550,19900,19690,18640,17680,17090,17120,16930,16810,16910,17080,17410,17250,17500,17410,17520,17740,17810,18190,18100,18330,18440,18480,18350,18410,18490,18490,18660,18770,18970,19270,19580,19920,20310,20410,20390,20460,20320,20370,20110,20140,19980,20070,20160,20420,20370,20190,19980,20010,20270,20440,20350,20180,20150,20250,20430,20400,20350
1204,15090,15160,15370,15500,15430,15430,15630,15760,16220,16620,16370,16300,16430,16180,16220,16430,16580,16610,16680,16790,16540,16220,16460,16560,16400,16680,16930,17140,17330,17380,17510,17240,17350,17470,17900,17860,18100,18270,18790,19090,19660,20050,20550,19900,19690,18640,17680,17090,17120,16930,16810,16910,17080,17410,17250,17500,17410,17520,17740,17810,18190,18100,18330,18440,18480,18350,18410,18490,18490,18660,18770,18970,19270,19580,19920,20310,20410,20390,20460,20320,20370,20110,20140,19980,20070,20160,20420,20370,20190,19980,20010,20270,20440,20350,20180,20150,20250,20430,20400,20350,20410
1205,15160,15370,15500,15430,15430,15630,15760,16220,16620,16370,16300,16430,16180,16220,16430,16580,16610,16680,16790,16540,16220,16460,16560,16400,16680,16930,17140,17330,17380,17510,17240,17350,17470,17900,17860,18100,18270,18790,19090,19660,20050,20550,19900,19690,18640,17680,17090,17120,16930,16810,16910,17080,17410,17250,17500,17410,17520,17740,17810,18190,18100,18330,18440,18480,18350,18410,18490,18490,18660,18770,18970,19270,19580,19920,20310,20410,20390,20460,20320,20370,20110,20140,19980,20070,20160,20420,20370,20190,19980,20010,20270,20440,20350,20180,20150,20250,20430,20400,20350,20410,20430
1206,15370,15500,15430,15430,15630,15760,16220,16620,16370,16300,16430,16180,16220,16430,16580,16610,16680,16790,16540,16220,16460,16560,16400,16680,16930,17140,17330,17380,17510,17240,17350,17470,17900,17860,18100,18270,18790,19090,19660,20050,20550,19900,19690,18640,17680,17090,17120,16930,16810,16910,17080,17410,17250,17500,17410,17520,17740,17810,18190,18100,18330,18440,18480,18350,18410,18490,18490,18660,18770,18970,19270,19580,19920,20310,20410,20390,20460,20320,20370,20110,20140,19980,20070,20160,20420,20370,20190,19980,20010,20270,20440,20350,20180,20150,20250,20430,20400,20350,20410,20430,20440
1207,15500,15430,15430,15630,15760,16220,16620,16370,16300,16430,16180,16220,16430,16580,16610,16680,16790,16540,16220,16460,16560,16400,16680,16930,17140,17330,17380,17510,17240,17350,17470,17900,17860,18100,18270,18790,19090,19660,20050,20550,19900,19690,18640,17680,17090,17120,16930,16810,16910,17080,17410,17250,17500,17410,17520,17740,17810,18190,18100,18330,18440,18480,18350,18410,18490,18490,18660,18770,18970,19270,19580,19920,20310,20410,20390,20460,20320,20370,20110,20140,19980,20070,20160,20420,20370,20190,19980,20010,20270,20440,20350,20180,20150,20250,20430,20400,20350,20410,20430,20440,20420
1208,15430,15430,15630,15760,16220,16620,16370,16300,16430,16180,16220,16430,16580,16610,16680,16790,16540,16220,16460,16560,16400,16680,16930,17140,17330,17380,17510,17240,17350,17470,17900,17860,18100,18270,18790,19090,19660,20050,20550,19900,19690,18640,17680,17090,17120,16930,16810,16910,17080,17410,17250,17500,17410,17520,17740,17810,18190,18100,18330,18440,18480,18350,18410,18490,18490,18660,18770,18970,19270,19580,19920,20310,20410,20390,20460,20320,20370,20110,20140,19980,20070,20160,20420,20370,20190,19980,20010,20270,20440,20350,20180,20150,20250,20430,20400,20350,20410,20430,20440,20420,20390
1209,15430,15630,15760,16220,16620,16370,16300,16430,16180,16220,16430,16580,16610,16680,16790,16540,16220,16460,16560,16400,16680,16930,17140,17330,17380,17510,17240,17350,17470,17900,17860,18100,18270,18790,19090,19660,20050,20550,19900,19690,18640,17680,17090,17120,16930,16810,16910,17080,17410,17250,17500,17410,17520,17740,17810,18190,18100,18330,18440,18480,18350,18410,18490,18490,18660,18770,18970,19270,19580,19920,20310,20410,20390,20460,20320,20370,20110,20140,19980,20070,20160,20420,20370,20190,19980,20010,20270,20440,20350,20180,20150,20250,20430,20400,20350,20410,20430,20440,20420,20390,20250
1210,15630,15760,16220,16620,16370,16300,16430,16180,16220,16430,16580,16610,16680,16790,16540,16220,16460,16560,16400,16680,16930,17140,17330,17380,17510,17240,17350,17470,17900,17860,18100,18270,18790,19090,19660,20050,20550,19900,19690,18640,17680,17090,17120,16930,16810,16910,17080,17410,17250,17500,17410,17520,17740,17810,18190,18100,18330,18440,18480,18350,18410,18490,18490,18660,18770,18970,19270,19580,19920,20310,20410,20390,20460,20320,20370,20110,20140,19980,20070,20160,20420,20370,20190,19980,20010,20270,20440,20350,20180,20150,20250,20430,20400,20350,20410,20430,20440,20420,20390,20250,20120
1211,15760,16220,16620,16370,16300,16430,16180,16220,16430,16580,16610,16680,16790,16540,16220,16460,16560,16400,16680,16930,17140,17330,17380,17510,17240,17350,17470,17900,17860,18100,18270,18790,19090,19660,20050,20550,19900,19690,18640,17680,17090,17120,16930,16810,16910,17080,17410,17250,17500,17410,17520,17740,17810,18190,18100,18330,18440,18480,18350,18410,18490,18490,18660,18770,18970,19270,19580,19920,20310,20410,20390,20460,20320,20370,20110,20140,19980,20070,20160,20420,20370,20190,19980,20010,20270,20440,20350,20180,20150,20250,20430,20400,20350,20410,20430,20440,20420,20390,20250,20120,20200
1212,16220,16620,16370,16300,16430,16180,16220,16430,16580,16610,16680,16790,16540,16220,16460,16560,16400,16680,16930,17140,17330,17380,17510,17240,17350,17470,17900,17860,18100,18270,18790,19090,19660,20050,20550,19900,19690,18640,17680,17090,17120,16930,16810,16910,17080,17410,17250,17500,17410,17520,17740,17810,18190,18100,18330,18440,18480,18350,18410,18490,18490,18660,18770,18970,19270,19580,19920,20310,20410,20390,20460,20320,20370,20110,20140,19980,20070,20160,20420,20370,20190,19980,20010,20270,20440,20350,20180,20150,20250,20430,20400,20350,20410,20430,20440,20420,20390,20250,20120,20200,20380
1213,16620,16370,16300,16430,16180,16220,16430,16580,16610,16680,16790,16540,16220,16460,16560,16400,16680,16930,17140,17330,17380,17510,17240,17350,17470,17900,17860,18100,18270,18790,19090,19660,20050,20550,19900,19690,18640,17680,17090,17120,16930,16810,16910,17080,17410,17250,17500,17410,17520,17740,17810,18190,18100,18330,18440,18480,18350,18410,18490,18490,18660,18770,18970,19270,19580,19920,20310,20410,20390,20460,20320,20370,20110,20140,19980,20070,20160,20420,20370,20190,19980,20010,20270,20440,20350,20180,20150,20250,20430,20400,20350,20410,20430,20440,20420,20390,20250,20120,20200,20380,20570
1214,16370,16300,16430,16180,16220,16430,16580,16610,16680,16790,16540,16220,16460,16560,16400,16680,16930,17140,17330,17380,17510,17240,17350,17470,17900,17860,18100,18270,18790,19090,19660,20050,20550,19900,19690,18640,17680,17090,17120,16930,16810,16910,17080,17410,17250,17500,17410,17520,17740,17810,18190,18100,18330,18440,18480,18350,18410,18490,18490,18660,18770,18970,19270,19580,19920,20310,20410,20390,20460,20320,20370,20110,20140,19980,20070,20160,20420,20370,20190,19980,20010,20270,20440,20350,20180,20150,20250,20430,20400,20350,20410,20430,20440,20420,20390,20250,20120,20200,20380,20570,20700
1215,16300,16430,16180,16220,16430,16580,16610,16680,16790,16540,16220,16460,16560,16400,16680,16930,17140,17330,17380,17510,17240,17350,17470,17900,17860,18100,18270,18790,19090,19660,20050,20550,19900,19690,18640,17680,17090,17120,16930,16810,16910,17080,17410,17250,17500,17410,17520,17740,17810,18190,18100,18330,18440,18480,18350,18410,18490,18490,18660,18770,18970,19270,19580,19920,20310,20410,20390,20460,20320,20370,20110,20140,19980,20070,20160,20420,20370,20190,19980,20010,20270,20440,20350,20180,20150,20250,20430,20400,20350,20410,20430,20440,20420,20390,20250,20120,20200,20380,20570,20700,20830
1216,16430,16180,16220,16430,16580,16610,16680,16790,16540,16220,16460,16560,16400,16680,16930,17140,17330,17380,17510,17240,17350,17470,17900,17860,18100,18270,18790,19090,19660,20050,20550,19900,19690,18640,17680,17090,17120,16930,16810,16910,17080,17410,17250,17500,17410,17520,17740,17810,18190,18100,18330,18440,18480,18350,18410,18490,18490,18660,18770,18970,19270,19580,19920,20310,20410,20390,20460,20320,20370,20110,20140,19980,20070,20160,20420,20370,20190,19980,20010,20270,20440,20350,20180,20150,20250,20430,20400,20350,20410,20430,20440,20420,20390,20250,20120,20200,20380,20570,20700,20830,20800
1217,16180,16220,16430,16580,16610,16680,16790,16540,16220,16460,16560,16400,16680,16930,17140,17330,17380,17510,17240,17350,17470,17900,17860,18100,18270,18790,19090,19660,20050,20550,19900,19690,18640,17680,17090,17120,16930,16810,16910,17080,17410,17250,17500,17410,17520,17740,17810,18190,18100,18330,18440,18480,18350,18410,18490,18490,18660,18770,18970,19270,19580,19920,20310,20410,20390,20460,20320,20370,20110,20140,19980,20070,20160,20420,20370,20190,19980,20010,20270,20440,20350,20180,20150,20250,20430,20400,20350,20410,20430,20440,20420,20390,20250,20120,20200,20380,20570,20700,20830,20800,20830
1218,16220,16430,16580,16610,16680,16790,16540,16220,16460,16560,16400,16680,16930,17140,17330,17380,17510,17240,17350,17470,17900,17860,18100,18270,18790,19090,19660,20050,20550,19900,19690,18640,17680,17090,17120,16930,16810,16910,17080,17410,17250,17500,17410,17520,17740,17810,18190,18100,18330,18440,18480,18350,18410,18490,18490,18660,18770,18970,19270,19580,19920,20310,20410,20390,20460,20320,20370,20110,20140,19980,20070,20160,20420,20370,20190,19980,20010,20270,20440,20350,20180,20150,20250,20430,20400,20350,20410,20430,20440,20420,20390,20250,20120,20200,20380,20570,20700,20830,20800,20830,20800
1219,16430,16580,16610,16680,16790,16540,16220,16460,16560,16400,16680,16930,17140,17330,17380,17510,17240,17350,17470,17900,17860,18100,18270,18790,19090,19660,20050,20550,19900,19690,18640,17680,17090,17120,16930,16810,16910,17080,17410,17250,17500,17410,17520,17740,17810,18190,18100,18330,18440,18480,18350,18410,18490,18490,18660,18770,18970,19270,19580,19920,20310,20410,20390,20460,20320,20370,20110,20140,19980,20070,20160,20420,20370,20190,19980,20010,20270,20440,20350,20180,20150,20250,20430,20400,20350,20410,20430,20440,20420,20390,20250,20120,20200,20380,20570,20700,20830,20800,20830,20800,20700
1220,16580,16610,16680,16790,16540,16220,16460,16560,16400,16680,16930,17140,17330,17380,17510,17240,17350,17470,17900,17860,18100,18270,18790,19090,19660,20050,20550,19900,19690,18640,17680,17090,17120,16930,16810,16910,17080,17410,17250,17500,17410,17520,17740,17810,18190,18100,18330,18440,18480,18350,18410,18490,18490,18660,18770,18970,19270,19580,19920,20310,20410,20390,20460,20320,20370,20110,20140,19980,20070,20160,20420,20370,20190,19980,20010,20270,20440,20350,20180,20150,20250,20430,20400,20350,20410,20430,20440,20420,20390,20250,20120,20200,20380,20570,20700,20830,20800,20830,20800,20700,20640
1221,16610,16680,16790,16540,16220,16460,16560,16400,16680,16930,17140,17330,17380,17510,17240,17350,17470,17900,17860,18100,18270,18790,19090,19660,20050,20550,19900,19690,18640,17680,17090,17120,16930,16810,16910,17080,17410,17250,17500,17410,17520,17740,17810,18190,18100,18330,18440,18480,18350,18410,18490,18490,18660,18770,18970,19270,19580,19920,20310,20410,20390,20460,20320,20370,20110,20140,19980,20070,20160,20420,20370,20190,19980,20010,20270,20440,20350,20180,20150,20250,20430,20400,20350,20410,20430,20440,20420,20390,20250,20120,20200,20380,20570,20700,20830,20800,20830,20800,20700,20640,20340
1222,16680,16790,16540,16220,16460,16560,16400,16680,16930,17140,17330,17380,17510,17240,17350,17470,17900,17860,18100,18270,18790,19090,19660,20050,20550,19900,19690,18640,17680,17090,17120,16930,16810,16910,17080,17410,17250,17500,17410,17520,17740,17810,18190,18100,18330,18440,18480,18350,18410,18490,18490,18660,18770,18970,19270,19580,19920,20310,20410,20390,20460,20320,20370,20110,20140,19980,20070,20160,20420,20370,20190,19980,20010,20270,20440,20350,20180,20150,20250,20430,20400,20350,20410,20430,20440,20420,20390,20250,20120,20200,20380,20570,20700,20830,20800,20830,20800,20700,20640,20340,20090
1223,16790,16540,16220,16460,16560,16400,16680,16930,17140,17330,17380,17510,17240,17350,17470,17900,17860,18100,18270,18790,19090,19660,20050,20550,19900,19690,18640,17680,17090,17120,16930,16810,16910,17080,17410,17250,17500,17410,17520,17740,17810,18190,18100,18330,18440,18480,18350,18410,18490,18490,18660,18770,18970,19270,19580,19920,20310,20410,20390,20460,20320,20370,20110,20140,19980,20070,20160,20420,20370,20190,19980,20010,20270,20440,20350,20180,20150,20250,20430,20400,20350,20410,20430,20440,20420,20390,20250,20120,20200,20380,20570,20700,20830,20800,20830,20800,20700,20640,20340,20090,19700
1224,16540,16220,16460,16560,16400,16680,16930,17140,17330,17380,17510,17240,17350,17470,17900,17860,18100,18270,18790,19090,19660,20050,20550,19900,19690,18640,17680,17090,17120,16930,16810,16910,17080,17410,17250,17500,17410,17520,17740,17810,18190,18100,18330,18440,18480,18350,18410,18490,18490,18660,18770,18970,19270,19580,19920,20310,20410,20390,20460,20320,20370,20110,20140,19980,20070,20160,20420,20370,20190,19980,20010,20270,20440,20350,20180,20150,20250,20430,20400,20350,20410,20430,20440,20420,20390,20250,20120,20200,20380,20570,20700,20830,20800,20830,20800,20700,20640,20340,20090,19700,19200
1225,16220,16460,16560,16400,16680,16930,17140,17330,17380,17510,17240,17350,17470,17900,17860,18100,18270,18790,19090,19660,20050,20550,19900,19690,18640,17680,17090,17120,16930,16810,16910,17080,17410,17250,17500,17410,17520,17740,17810,18190,18100,18330,18440,18480,18350,18410,18490,18490,18660,18770,18970,19270,19580,19920,20310,20410,20390,20460,20320,20370,20110,20140,19980,20070,20160,20420,20370,20190,19980,20010,20270,20440,20350,20180,20150,20250,20430,20400,20350,20410,20430,20440,20420,20390,20250,20120,20200,20380,20570,20700,20830,20800,20830,20800,20700,20640,20340,20090,19700,19200,19110
1226,16460,16560,16400,16680,16930,17140,17330,17380,17510,17240,17350,17470,17900,17860,18100,18270,18790,19090,19660,20050,20550,19900,19690,18640,17680,17090,17120,16930,16810,16910,17080,17410,17250,17500,17410,17520,17740,17810,18190,18100,18330,18440,18480,18350,18410,18490,18490,18660,18770,18970,19270,19580,19920,20310,20410,20390,20460,20320,20370,20110,20140,19980,20070,20160,20420,20370,20190,19980,20010,20270,20440,20350,20180,20150,20250,20430,20400,20350,20410,20430,20440,20420,20390,20250,20120,20200,20380,20570,20700,20830,20800,20830,20800,20700,20640,20340,20090,19700,19200,19110,19150
1227,16560,16400,16680,16930,17140,17330,17380,17510,17240,17350,17470,17900,17860,18100,18270,18790,19090,19660,20050,20550,19900,19690,18640,17680,17090,17120,16930,16810,16910,17080,17410,17250,17500,17410,17520,17740,17810,18190,18100,18330,18440,18480,18350,18410,18490,18490,18660,18770,18970,19270,19580,19920,20310,20410,20390,20460,20320,20370,20110,20140,19980,20070,20160,20420,20370,20190,19980,20010,20270,20440,20350,20180,20150,20250,20430,20400,20350,20410,20430,20440,20420,20390,20250,20120,20200,20380,20570,20700,20830,20800,20830,20800,20700,20640,20340,20090,19700,19200,19110,19150,19090
1228,16400,16680,16930,17140,17330,17380,17510,17240,17350,17470,17900,17860,18100,18270,18790,19090,19660,20050,20550,19900,19690,18640,17680,17090,17120,16930,16810,16910,17080,17410,17250,17500,17410,17520,17740,17810,18190,18100,18330,18440,18480,18350,18410,18490,18490,18660,18770,18970,19270,19580,19920,20310,20410,20390,20460,20320,20370,20110,20140,19980,20070,20160,20420,20370,20190,19980,20010,20270,20440,20350,20180,20150,20250,20430,20400,20350,20410,20430,20440,20420,20390,20250,20120,20200,20380,20570,20700,20830,20800,20830,20800,20700,20640,20340,20090,19700,19200,19110,19150,19090,19340
1229,16680,16930,17140,17330,17380,17510,17240,17350,17470,17900,17860,18100,18270,18790,19090,19660,20050,20550,19900,19690,18640,17680,17090,17120,16930,16810,16910,17080,17410,17250,17500,17410,17520,17740,17810,18190,18100,18330,18440,18480,18350,18410,18490,18490,18660,18770,18970,19270,19580,19920,20310,20410,20390,20460,20320,20370,20110,20140,19980,20070,20160,20420,20370,20190,19980,20010,20270,20440,20350,20180,20150,20250,20430,20400,20350,20410,20430,20440,20420,20390,20250,20120,20200,20380,20570,20700,20830,20800,20830,20800,20700,20640,20340,20090,19700,19200,19110,19150,19090,19340,19480
1230,16930,17140,17330,17380,17510,17240,17350,17470,17900,17860,18100,18270,18790,19090,19660,20050,20550,19900,19690,18640,17680,17090,17120,16930,16810,16910,17080,17410,17250,17500,17410,17520,17740,17810,18190,18100,18330,18440,18480,18350,18410,18490,18490,18660,18770,18970,19270,19580,19920,20310,20410,20390,20460,20320,20370,20110,20140,19980,20070,20160,20420,20370,20190,19980,20010,20270,20440,20350,20180,20150,20250,20430,20400,20350,20410,20430,20440,20420,20390,20250,20120,20200,20380,20570,20700,20830,20800,20830,20800,20700,20640,20340,20090,19700,19200,19110,19150,19090,19340,19480,19390
1231,17140,17330,17380,17510,17240,17350,17470,17900,17860,18100,18270,18790,19090,19660,20050,20550,19900,19690,18640,17680,17090,17120,16930,16810,16910,17080,17410,17250,17500,17410,17520,17740,17810,18190,18100,18330,18440,18480,18350,18410,18490,18490,18660,18770,18970,19270,19580,19920,20310,20410,20390,20460,20320,20370,20110,20140,19980,20070,20160,20420,20370,20190,19980,20010,20270,20440,20350,20180,20150,20250,20430,20400,20350,20410,20430,20440,20420,20390,20250,20120,20200,20380,20570,20700,20830,20800,20830,20800,20700,20640,20340,20090,19700,19200,19110,19150,19090,19340,19480,19390,19190
1232,17330,17380,17510,17240,17350,17470,17900,17860,18100,18270,18790,19090,19660,20050,20550,19900,19690,18640,17680,17090,17120,16930,16810,16910,17080,17410,17250,17500,17410,17520,17740,17810,18190,18100,18330,18440,18480,18350,18410,18490,18490,18660,18770,18970,19270,19580,19920,20310,20410,20390,20460,20320,20370,20110,20140,19980,20070,20160,20420,20370,20190,19980,20010,20270,20440,20350,20180,20150,20250,20430,20400,20350,20410,20430,20440,20420,20390,20250,20120,20200,20380,20570,20700,20830,20800,20830,20800,20700,20640,20340,20090,19700,19200,19110,19150,19090,19340,19480,19390,19190,18910
1233,17380,17510,17240,17350,17470,17900,17860,18100,18270,18790,19090,19660,20050,20550,19900,19690,18640,17680,17090,17120,16930,16810,16910,17080,17410,17250,17500,17410,17520,17740,17810,18190,18100,18330,18440,18480,18350,18410,18490,18490,18660,18770,18970,19270,19580,19920,20310,20410,20390,20460,20320,20370,20110,20140,19980,20070,20160,20420,20370,20190,19980,20010,20270,20440,20350,20180,20150,20250,20430,20400,20350,20410,20430,20440,20420,20390,20250,20120,20200,20380,20570,20700,20830,20800,20830,20800,20700,20640,20340,20090,19700,19200,19110,19150,19090,19340,19480,19390,19190,18910,18750
1234,17510,17240,17350,17470,17900,17860,18100,18270,18790,19090,19660,20050,20550,19900,19690,18640,17680,17090,17120,16930,16810,16910,17080,17410,17250,17500,17410,17520,17740,17810,18190,18100,18330,18440,18480,18350,18410,18490,18490,18660,18770,18970,19270,19580,19920,20310,20410,20390,20460,20320,20370,20110,20140,19980,20070,20160,20420,20370,20190,19980,20010,20270,20440,20350,20180,20150,20250,20430,20400,20350,20410,20430,20440,20420,20390,20250,20120,20200,20380,20570,20700,20830,20800,20830,20800,20700,20640,20340,20090,19700,19200,19110,19150,19090,19340,19480,19390,19190,18910,18750,18570
1235,17240,17350,17470,17900,17860,18100,18270,18790,19090,19660,20050,20550,19900,19690,18640,17680,17090,17120,16930,16810,16910,17080,17410,17250,17500,17410,17520,17740,17810,18190,18100,18330,18440,18480,18350,18410,18490,18490,18660,18770,18970,19270,19580,19920,20310,20410,20390,20460,20320,20370,20110,20140,19980,20070,20160,20420,20370,20190,19980,20010,20270,20440,20350,20180,20150,20250,20430,20400,20350,20410,20430,20440,20420,20390,20250,20120,20200,20380,20570,20700,20830,20800,20830,20800,20700,20640,20340,20090,19700,19200,19110,19150,19090,19340,19480,19390,19190,18910,18750,18570,18350
1236,17350,17470,17900,17860,18100,18270,18790,19090,19660,20050,20550,19900,19690,18640,17680,17090,17120,16930,16810,16910,17080,17410,17250,17500,17410,17520,17740,17810,18190,18100,18330,18440,18480,18350,18410,18490,18490,18660,18770,18970,19270,19580,19920,20310,20410,20390,20460,20320,20370,20110,20140,19980,20070,20160,20420,20370,20190,19980,20010,20270,20440,20350,20180,20150,20250,20430,20400,20350,20410,20430,20440,20420,20390,20250,20120,20200,20380,20570,20700,20830,20800,20830,20800,20700,20640,20340,20090,19700,19200,19110,19150,19090,19340,19480,19390,19190,18910,18750,18570,18350,18260
1237,17470,17900,17860,18100,18270,18790,19090,19660,20050,20550,19900,19690,18640,17680,17090,17120,16930,16810,16910,17080,17410,17250,17500,17410,17520,17740,17810,18190,18100,18330,18440,18480,18350,18410,18490,18490,18660,18770,18970,19270,19580,19920,20310,20410,20390,20460,20320,20370,20110,20140,19980,20070,20160,20420,20370,20190,19980,20010,20270,20440,20350,20180,20150,20250,20430,20400,20350,20410,20430,20440,20420,20390,20250,20120,20200,20380,20570,20700,20830,20800,20830,20800,20700,20640,20340,20090,19700,19200,19110,19150,19090,19340,19480,19390,19190,18910,18750,18570,18350,18260,18130
1238,17900,17860,18100,18270,18790,19090,19660,20050,20550,19900,19690,18640,17680,17090,17120,16930,16810,16910,17080,17410,17250,17500,17410,17520,17740,17810,18190,18100,18330,18440,18480,18350,18410,18490,18490,18660,18770,18970,19270,19580,19920,20310,20410,20390,20460,20320,20370,20110,20140,19980,20070,20160,20420,20370,20190,19980,20010,20270,20440,20350,20180,20150,20250,20430,20400,20350,20410,20430,20440,20420,20390,20250,20120,20200,20380,20570,20700,20830,20800,20830,20800,20700,20640,20340,20090,19700,19200,19110,19150,19090,19340,19480,19390,19190,18910,18750,18570,18350,18260,18130,18210
1239,17860,18100,18270,18790,19090,19660,20050,20550,19900,19690,18640,17680,17090,17120,16930,16810,16910,17080,17410,17250,17500,17410,17520,17740,17810,18190,18100,18330,18440,18480,18350,18410,18490,18490,18660,18770,18970,19270,19580,19920,20310,20410,20390,20460,20320,20370,20110,20140,19980,20070,20160,20420,20370,20190,19980,20010,20270,20440,20350,20180,20150,20250,20430,20400,20350,20410,20430,20440,20420,20390,20250,20120,20200,20380,20570,20700,20830,20800,20830,20800,20700,20640,20340,20090,19700,19200,19110,19150,19090,19340,19480,19390,19190,18910,18750,18570,18350,18260,18130,18210,18320
1240,18100,18270,18790,19090,19660,20050,20550,19900,19690,18640,17680,17090,17120,16930,16810,16910,17080,17410,17250,17500,17410,17520,17740,17810,18190,18100,18330,18440,18480,18350,18410,18490,18490,18660,18770,18970,19270,19580,19920,20310,20410,20390,20460,20320,20370,20110,20140,19980,20070,20160,20420,20370,20190,19980,20010,20270,20440,20350,20180,20150,20250,20430,20400,20350,20410,20430,20440,20420,20390,20250,20120,20200,20380,20570,20700,20830,20800,20830,20800,20700,20640,20340,20090,19700,19200,19110,19150,19090,19340,19480,19390,19190,18910,18750,18570,18350,18260,18130,18210,18320,18530
1241,18270,18790,19090,19660,20050,20550,19900,19690,18640,17680,17090,17120,16930,16810,16910,17080,17410,17250,17500,17410,17520,17740,17810,18190,18100,18330,18440,18480,18350,18410,18490,18490,18660,18770,18970,19270,19580,19920,20310,20410,20390,20460,20320,20370,20110,20140,19980,20070,20160,20420,20370,20190,19980,20010,20270,20440,20350,20180,20150,20250,20430,20400,20350,20410,20430,20440,20420,20390,20250,20120,20200,20380,20570,20700,20830,20800,20830,20800,20700,20640,20340,20090,19700,19200,19110,19150,19090,19340,19480,19390,19190,18910,18750,18570,18350,18260,18130,18210,18320,18530,18760
1242,18790,19090,19660,20050,20550,19900,19690,18640,17680,17090,17120,16930,16810,16910,17080,17410,17250,17500,17410,17520,17740,17810,18190,18100,18330,18440,18480,18350,18410,18490,18490,18660,18770,18970,19270,19580,19920,20310,20410,20390,20460,20320,20370,20110,20140,19980,20070,20160,20420,20370,20190,19980,20010,20270,20440,20350,20180,20150,20250,20430,20400,20350,20410,20430,20440,20420,20390,20250,20120,20200,20380,20570,20700,20830,20800,20830,20800,20700,20640,20340,20090,19700,19200,19110,19150,19090,19340,19480,19390,19190,18910,18750,18570,18350,18260,18130,18210,18320,18530,18760,18770
1243,19090,19660,20050,20550,19900,19690,18640,17680,17090,17120,16930,16810,16910,17080,17410,17250,17500,17410,17520,17740,17810,18190,18100,18330,18440,18480,18350,18410,18490,18490,18660,18770,18970,19270,19580,19920,20310,20410,20390,20460,20320,20370,20110,20140,19980,20070,20160,20420,20370,20190,19980,20010,20270,20440,20350,20180,20150,20250,20430,20400,20350,20410,20430,20440,20420,20390,20250,20120,20200,20380,20570,20700,20830,20800,20830,20800,20700,20640,20340,20090,19700,19200,19110,19150,19090,19340,19480,19390,19190,18910,18750,18570,18350,18260,18130,18210,18320,18530,18760,18770,18660
1244,19660,20050,20550,19900,19690,18640,17680,17090,17120,16930,16810,16910,17080,17410,17250,17500,17410,17520,17740,17810,18190,18100,18330,18440,18480,18350,18410,18490,18490,18660,18770,18970,19270,19580,19920,20310,20410,20390,20460,20320,20370,20110,20140,19980,20070,20160,20420,20370,20190,19980,20010,20270,20440,20350,20180,20150,20250,20430,20400,20350,20410,20430,20440,20420,20390,20250,20120,20200,20380,20570,20700,20830,20800,20830,20800,20700,20640,20340,20090,19700,19200,19110,19150,19090,19340,19480,19390,19190,18910,18750,18570,18350,18260,18130,18210,18320,18530,18760,18770,18660,18700
1245,20050,20550,19900,19690,18640,17680,17090,17120,16930,16810,16910,17080,17410,17250,17500,17410,17520,17740,17810,18190,18100,18330,18440,18480,18350,18410,18490,18490,18660,18770,18970,19270,19580,19920,20310,20410,20390,20460,20320,20370,20110,20140,19980,20070,20160,20420,20370,20190,19980,20010,20270,20440,20350,20180,20150,20250,20430,20400,20350,20410,20430,20440,20420,20390,20250,20120,20200,20380,20570,20700,20830,20800,20830,20800,20700,20640,20340,20090,19700,19200,19110,19150,19090,19340,19480,19390,19190,18910,18750,18570,18350,18260,18130,18210,18320,18530,18760,18770,18660,18700,18680
1246,20550,19900,19690,18640,17680,17090,17120,16930,16810,16910,17080,17410,17250,17500,17410,17520,17740,17810,18190,18100,18330,18440,18480,18350,18410,18490,18490,18660,18770,18970,19270,19580,19920,20310,20410,20390,20460,20320,20370,20110,20140,19980,20070,20160,20420,20370,20190,19980,20010,20270,20440,20350,20180,20150,20250,20430,20400,20350,20410,20430,20440,20420,20390,20250,20120,20200,20380,20570,20700,20830,20800,20830,20800,20700,20640,20340,20090,19700,19200,19110,19150,19090,19340,19480,19390,19190,18910,18750,18570,18350,18260,18130,18210,18320,18530,18760,18770,18660,18700,18680,18640
1247,19900,19690,18640,17680,17090,17120,16930,16810,16910,17080,17410,17250,17500,17410,17520,17740,17810,18190,18100,18330,18440,18480,18350,18410,18490,18490,18660,18770,18970,19270,19580,19920,20310,20410,20390,20460,20320,20370,20110,20140,19980,20070,20160,20420,20370,20190,19980,20010,20270,20440,20350,20180,20150,20250,20430,20400,20350,20410,20430,20440,20420,20390,20250,20120,20200,20380,20570,20700,20830,20800,20830,20800,20700,20640,20340,20090,19700,19200,19110,19150,19090,19340,19480,19390,19190,18910,18750,18570,18350,18260,18130,18210,18320,18530,18760,18770,18660,18700,18680,18640,18830
